2947382
4277446
4341932
2621153
3720688
4143858
1535869
1923054
2249967
2663705
1646308
2949485
2170361
2460824
2751085
1016859
1109258
3069871
3267512
1992040
2512694
3731069
2168701
57311
1805136
4235419
463752
703828
3980553
1263583
4297222
607731
607731
703631
939320
1266899
4233281
4506902
710154
4199923
2782822
3433632
3637522
1891294
3808509
2816753
4472978
4418562
3403280
1226164
2642045
57259
3896657
468404
491306
2946063
3043639
2861312
3827314
508174
3960647
3842889
3318611
3856413
1391872
4004651
729222
607407
2153396
2707196
4579360
1097219
396553
1310891
1082154
3040088
4174478
1269243
1519330
4112067
1357810
399803
4112929
1027165
3580017
3767060
2265961
191794
2969223
577287
3813852
2168346
279929
476616
3296349
3031429
954814
506870
4382441
1498607
1498607
3817504
1049817
1012037
4478435
1263675
833016
572090
2356690
1904505
480114
1491704
556891
1412160
1987802
1209527
3455102
693693
4079562
236041
3055487
3055487
780512
4178391
1370185
4591308
419419
1056182
3561924
3169287
1520096
1533030
1747068
2876107
923048
2167114
380203
270226
2231666
1787141
1269557
1326700
2079673
3756664
4112312
564607
2969614
4024809
4058219
4004225
3842420
2185539
174930
476422
476422
4607420
1420343
145053
3442518
4199126
4633981
476448
476448
2025309
2448436
4375700
3580859
1487168
1420170
2643239
2409779
4024872
4474376
4370648
2947209
1167295
3869659
1492030
1492030
3492519
144560
2498647
3612939
1930719
3435388
4375565
3564316
2758657
1669652
4107207
144965
2248637
2755586
3761975
1704446
4252482
4049683
4122348
1056223
4128466
1880800
2240566
1925209
3306289
1912618
42037
3867517
3254269
3609145
3235920
1308761
1308671
4176975
3386210
3808256
2413425
2593969
4097680
2596763
1825194
2941720
2941720
807309
4258812
2153646
2153646
4196300
275413
3055551
3055551
2183698
3334625
1482829
2265428
1340135
1256322
2970392
4120838
2153979
1648436
1789164
3948316
433034
2668053
4105960
2618944
4150590
1312414
157309
1185805
4416893
255807
12132
2870618
3650791
1465080
1809339
1279807
3113623
3821384
558166
566080
490887
3552739
4142612
220072
4026203
1950880
1121506
3299939
3637612
3020635
466939
2419394
1888061
3536639
1237508
4458015
1095756
1243129
295656
4086785
973737
4455765
4370454
2946995
2044763
310076
3737620
3161357
3573928
2816550
4375655
146640
3182561
3994077
633633
121705
10584
2562053
2412788
247544
1119511
3967727
3432665
3409852
2736455
1988158
1988158
1988158
3448219
1368069
2747846
234289
1982439
3842509
1326793
2178577
3637436
4227599
1005850
2339457
606264
606264
2943319
4520509
4418927
3236201
4436629
4455760
1506270
2406799
1865653
396380
444822
65802
3737274
4500778
4449915
3950265
472556
29551
461332
518661
3318196
824523
3877611
296012
4051308
3024298
3492430
4021763
2626901
1628207
2825791
15436
310119
214269
3234533
3604378
1230738
3816645
2388573
486489
4106222
2639305
3396519
1563107
131466
4414247
214195
2601171
4348841
3856395
4527880
970912
2423712
1673537
4136083
765174
4356413
2741022
1178540
2930873
554416
4375684
3537176
4441318
889876
1517610
712083
683569
1813840
3531042
3883780
3519284
2170117
1198516
4429677
3328851
3477560
2585567
87969
408531
2431129
2509453
3485846
1523276
3474800
694991
65946
3380160
1931051
142669
2055030
2267796
3081847
1021083
4019978
408148
408148
1288809
2600437
2597781
4607780
2192842
2456915
2941995
77367
193411
988988
142766
1788384
513642
2430798
4429572
860056
2509538
3946957
2639016
1743455
3091018
1988064
1988064
1988064
3737007
1287779
4112236
1109153
2494494
3236513
2824394
4479386
3860540
607792
2710229
4500145
4351685
262837
4262742
246675
1551828
1579712
3481195
3161310
3880150
3169749
4404742
2222152
1945794
1807716
3931158
1278014
4467343
3558107
3828675
1920196
855162
1024438
4266705
3380123
3177815
4031051
4001273
2645212
945839
504883
2060939
234685
1018234
4051943
1146791
1397063
2177281
1224062
3295699
2663405
1770372
1770372
4222513
329421
4635477
1079140
4609339
3354077
2088488
4459210
4297134
3750981
2455821
4486122
3836222
4612063
4612063
3006117
1923502
1333788
787669
923008
2765723
3091109
567943
3410246
4449817
3493603
3009744
3776420
3512574
4114806
2526882
4558315
21207
3485953
1469637
311741
4467362
4016386
1144380
1295543
2230493
2032340
3226142
3067233
2767642
2644371
784253
1795580
3086753
444566
973439
4075529
3499311
3250221
1991899
3086409
3086409
1987802
3090275
83728
3664673
1533830
2070307
3720810
4092837
2013036
57327
175052
2284041
4462800
2925369
1853983
674993
107645
3647981
3098542
4393937
2942639
1388621
1592479
118663
2839429
1263525
57156
927527
3384677
4166544
4035416
848197
297313
4391588
2114459
4060087
693632
2339539
2243798
2640641
3194941
1644972
2775888
3020661
4437702
1525984
742619
1618914
15080
142434
179196
2636300
1725648
2286205
3079740
4394035
2043705
3712983
771170
3710928
3133915
2193001
3293369
2582813
3713011
2530551
4330349
3102988
3088191
4589227
4325765
889992
4214412
2876536
679166
2884514
424982
393382
1226288
1556277
3301611
218831
860491
997379
3667708
2766212
771280
2653553
4128556
880618
2816874
2522505
2382443
320170
842192
3700136
3700136
2364525
3241778
194669
2254878
149629
3196753
2290466
3453439
2667928
1511453
581308
1474761
842224
1020947
4416784
2736484
661460
4354735
1506103
302582
2758269
3006182
1030888
579621
131307
2137583
4370616
1986308
1079168
1584028
4044175
1734145
1169019
2644948
2320081
2644913
3948020
4392219
1269856
1398658
4390439
1636603
234926
3309284
4263939
4175204
863614
2265707
2748644
1453865
3911730
3178001
2147959
254342
2515446
609180
16560
1928918
4345584
3405172
3254279
3153529
1121870
1288751
3162961
4086881
3146287
4155194
897947
661542
753246
1475028
1930443
3946700
3946700
932507
2512822
2113111
3605414
3089749
1584399
1929732
113394
269107
3102886
866394
2232470
4379317
2949103
4405691
500051
1350132
3147682
852713
3842829
1396049
899788
3700095
1908610
2382654
1475066
832584
1209744
2599916
3058548
3931257
4455789
2352609
1027749
2747794
1122643
2168543
3392184
247622
2420592
3336983
3816577
513740
4494876
4436759
1068001
1949091
4531685
4474096
1215305
2080719
3242045
2269920
3499759
6587
4624826
3231224
3327759
2421299
3922766
3015075
4527776
485980
914300
932431
137043
742848
3713010
3411561
1873109
4016326
2448221
4155074
2430770
136939
3493987
676639
3739590
1718033
1053395
1505899
3380280
4630555
20526
1123297
4787
1273676
2406656
3776636
1530150
1233055
1097787
3639905
1668591
1609140
507441
3210628
236005
2514322
2433179
8053
658823
4073630
1958648
554490
342554
208276
1301130
1243112
3884050
3883960
208411
2741200
3234566
1495133
175074
4106170
3476506
2008115
4391561
2629085
4486009
2225065
803334
1813813
1230602
1230602
553142
2746316
2520772
754721
754811
17414
320215
113322
10643
3301279
4122310
3866717
1157626
1555727
4163602
3236107
1986386
1646235
4391711
1894757
1323383
4175254
784999
71292
6615
1563249
1678263
1901763
1852552
1926823
570806
304406
1495134
2925168
2537318
2735960
3325391
4235858
399444
2638676
2872900
2872900
4599694
4163399
3028704
508112
189548
3429203
3947292
2822087
282219
3536424
419551
878068
3821799
3526173
3645325
4474512
1058233
2741540
4640332
765811
3893829
3606275
4496383
4496383
3204227
641922
4035181
919124
712846
808035
194466
1289176
989043
2750981
401707
3235904
4390663
3664411
266762
4640898
3613186
554557
3204175
1420449
2564400
813493
3886426
2165277
2230603
4026485
3170109
3739674
3380007
2949064
3609767
1950636
3166195
197586
1613333
4299407
2349499
4178354
3219230
4602052
1698278
121671
1688365
3853193
859274
4026443
3544859
866822
2615987
2067469
661510
71329
1051674
1908566
3238091
622258
3605279
513878
904477
785401
1720977
3531071
1987786
275144
189712
3221370
3573657
1590151
3050772
1491815
1068062
932929
3883907
927886
4270008
3579673
392774
1095310
3236462
4064479
4418541
4042030
3739507
2203558
1699313
3328936
1916228
694944
774006
2748496
2868940
1638812
2558693
798537
1657539
1506150
3842539
4640801
964238
275119
3700272
4379037
2215586
2003625
1563195
70221
601929
2583547
2985719
1146649
1916259
2698421
2685533
1049998
2203784
4148429
1517594
2103049
2222042
410118
4107519
4520663
4178440
1678006
3544874
1442950
2985809
493877
4107474
1787339
1520134
1833217
3299012
3219346
441545
1506754
2363918
693469
1792087
1330818
1533874
4172034
4230162
1474188
987247
161515
1144775
4429811
1728319
3725792
3725792
2527039
1791253
2750710
2741584
279979
146723
2653776
1669630
1300915
1428753
1487824
3334698
1992850
407699
3318289
1993236
3428798
4214582
3169801
2925318
986119
1007672
1201440
2267742
1357263
1323108
4259227
2061118
3990774
4026175
1929135
3298143
2659953
1704498
1704498
1049378
3619097
4432009
2533311
2758928
922676
4275164
4246796
513702
1902019
2058102
3543147
1130885
583216
2590892
523066
4519204
3716479
4009072
693429
4428813
792177
1492305
3439845
1645446
3056851
3867822
2460668
422487
456551
2561902
4439413
4132151
1412059
4424828
3226070
2784818
2531280
2822024
3109431
3109521
495075
1097759
5147
4486060
3492690
2832439
497850
211967
3152075
1492116
1492116
1435640
3537353
2662268
1127783
131564
2284370
2832770
2710182
2087334
1213136
2724033
2272312
3079765
1941683
4223505
4111569
3059719
3712742
3716501
3597872
3293393
1769925
3883878
1272095
3761297
4200222
4200222
3719143
2024526
3742618
1330848
3380182
2734197
2905441
312805
4200258
4200258
1874305
4394091
3152278
2659546
2914760
561999
658871
3477431
554460
444555
162001
2380664
1170417
3276692
3308055
533632
1228683
824591
3101640
1435690
4466968
382680
2263836
2228862
2228862
1049770
3821861
556967
2434172
2583501
4242731
939422
191752
4256608
444658
3055757
3605698
3605608
3200984
554577
1258887
4413876
3536775
622254
1335424
3327730
197730
475306
3392117
1490746
2551274
4508704
4439134
3493516
3821288
1367929
684602
1552000
4177213
1627213
669136
272440
4085720
842153
4158457
533536
588070
1250944
2194222
3884050
3883960
849368
1699485
3091064
376464
1228797
3167731
1016472
4222629
2227296
1287288
3041279
3536972
1215505
4507019
454349
641859
3185080
2537070
3015056
695018
2664204
1509715
3157545
2103188
1657482
189532
2143003
1202955
176558
3965369
4442261
1961626
2551445
3267816
3922887
4333968
556579
3114801
2892572
3109258
1880767
1214112
176583
1907084
3192339
3367753
2034397
3752238
860464
3613439
697372
1348940
3683497
3333512
657967
3696237
1649597
422746
1621595
4602905
3258106
4042047
4042047
946870
3204636
1517246
1517246
253453
3081873
507200
1202184
1825686
1273866
3101055
644053
4012947
923210
2025344
712916
1490877
918737
2982565
4107371
4106033
1243129
556632
4519270
4519270
742499
1681728
3682016
1743375
1018459
1638712
2078375
2985701
182240
1399625
3130025
3403446
1792758
1329284
971672
951154
780733
1146101
575774
1105330
1105330
3373662
191941
4551518
738980
3374583
1641690
605912
605912
2194269
532964
889938
922750
4154883
2224940
4163217
579844
3751596
3601253
117705
1440856
214163
931031
146898
1530551
1923526
1269993
3070054
1420260
493709
243406
1442915
3201368
1894779
703641
3682100
3719120
1946110
784966
742622
638780
214187
342409
3605569
930997
4118479
2521551
863865
4273932
1260982
3102905
1268950
4442222
1123413
2656567
182447
1335827
4240300
2114416
3032970
2927935
1601423
3133645
2695571
3986198
2924137
47211
990515
3478985
2552302
1330980
2798755
2058373
1842163
2483520
2545793
4365729
1498335
4508956
1388610
1097676
4154897
880619
1175399
1270527
2070457
4406151
4490397
2664354
4118427
3079370
2537308
1392281
1418219
4341644
729180
4425025
3982781
1822428
3997907
4558554
3966195
2736064
3299823
932328
1451498
1757395
3604316
3960497
2278353
4383742
1845011
606053
2777942
209273
2437872
189843
4463084
985984
3453482
2838132
2710357
4001066
1194991
1689578
2083024
4516727
1383919
2909694
705860
4382479
417101
3088255
2892188
2966117
2639433
2089946
2108494
3328746
651984
3298911
850128
576870
3169749
2323224
465560
2079386
933181
926361
3235892
2656727
2814797
2870686
1809321
2982208
1988001
1988001
1988001
2765540
2411731
1755661
4112290
1937348
432091
3442845
1746673
1746673
1144421
3407332
3210646
1351118
2800656
4163369
495178
1787411
3433650
2596784
3986021
3236365
2797187
2178377
3892719
2924385
3721065
79156
3532790
1826013
4527976
2544664
335157
3166020
3522928
1894628
1018095
4113859
2059436
1007830
3678412
1393092
70387
2259390
3374703
4640548
2437909
1063919
4572160
1004464
1463506
2087236
3998097
3982920
1618939
118681
2164756
1841461
2616026
2013205
629855
1509129
4264037
3384374
933218
1004732
176450
3986429
1210195
2515846
1310907
1954633
2767412
3821172
3196926
566232
3101744
4419638
798457
4467280
604683
1056241
214603
2231819
3431974
4041041
2098413
2758978
4503457
464349
1864826
1720726
1523195
1568911
1891766
4372761
2028504
3000039
3162851
2810644
4494485
3619044
1226109
4579835
4501058
503294
2406819
2659865
1893866
2585568
1498529
1498529
1234905
4442073
4231654
4215395
916232
1987916
2043562
1768736
1185660
1078970
2795471
476288
476288
2664244
1502429
4016185
4264283
4459249
1146607
2736071
4005646
250880
4278066
3216753
4486218
1641813
2998127
2998127
1161855
396319
3793935
4640838
1937149
4270214
3847528
4135811
16961
16961
1261200
1547356
2964177
2750532
1273748
3719431
10564
2381136
2626754
4391675
1174404
2006115
4024915
2643071
2431210
518568
1031984
3340121
3340211
2114585
964319
4419991
291400
708236
3380156
4267082
2080661
893736
2222082
1126077
568787
3015990
956657
890812
1058372
3716511
21007
887401
3821256
1805101
4368480
3043653
1190470
368528
1483279
504772
4050827
695077
3041099
57336
461543
3948124
2616075
2533688
2352583
3410137
4279712
218988
880653
189756
2593199
1719748
3931103
532616
748269
3247548
4018630
107475
3792723
644289
4196880
882943
2420687
4391546
2437883
4466619
1598559
2434272
3696356
3696356
194432
2165179
4256944
781794
432184
1677975
3210759
4621657
394171
1312274
3526186
3474619
1388656
2593138
4611153
3318374
4478384
2196445
3645350
1779669
3761739
1509275
3252240
3965647
4120471
3099757
724738
342626
1735355
4520715
4278080
3295433
149617
2381581
1841432
2824358
1705206
1946007
3537143
3725902
4416868
2533730
3173078
1251155
1243197
2243879
780850
3667841
907152
4486136
1078934
3366745
134339
2578570
1930038
2999918
1877645
3664642
3994415
2413247
4609482
1848792
1616725
3983008
4012884
1526011
4490126
1601460
4005523
113301
222669
3561907
193335
3982165
676343
2512892
4338042
3203333
957289
1979720
3448556
3241819
1330790
3707870
3350559
3085928
28343
3396754
878722
3236399
1067899
2153624
2153624
629781
4368393
1746202
282252
1011659
4246736
304665
3964315
679044
3948392
2814541
4368462
3481235
3039851
773782
3532662
2248559
3474719
2053534
1388515
1789271
1224371
146745
4016343
1678014
3098617
3866343
922827
922827
1058056
2619210
4100759
216326
2053566
646603
2552241
3767679
949574
931349
4563117
4199969
1334719
3926791
3442902
1175350
582977
2959248
1822302
3103101
2101667
2755185
913845
1881877
2639370
2467737
631790
3009830
4126952
3059684
3059684
3439127
4171942
153214
2816662
2033678
1942590
2587475
3068126
162075
3412170
4605377
2822181
1802626
813462
1825007
2234003
2710087
711521
937328
1825737
2949373
3275207
1809279
1809981
2407509
2590885
771302
2042176
4252046
3110303
3827398
1854041
275315
774150
4005858
3785014
4261658
3099945
2456999
1470405
1770926
3046141
2024583
3586919
3244843
4500896
256081
781154
781154
4233411
1109122
880518
494817
297842
773945
4257047
2009802
2313380
1733911
317274
2214840
3599761
1330791
4607721
1270391
4382212
2065972
2971068
956675
4085961
2959009
122025
2545733
951504
4419927
3490187
3725353
3182422
2600066
4256598
1518860
1250989
4490082
2943191
2071317
2698591
2210941
644345
4486101
121650
1441776
4025047
214088
3696283
3696283
446794
3906574
2185827
1329252
676590
1669616
1495115
3299935
1269821
1192966
3328969
4416756
343829
2365590
853135
2219522
519389
197487
1020205
1669662
4279591
2246929
1961931
2753555
1273609
1357698
4591347
1030044
2533498
575966
2712876
2804599
21155
2012609
645294
1873544
244083
3000028
4004715
2413305
189553
4163281
2448471
3536949
89360
1850710
2704223
954491
1506392
495075
3015736
3492726
4278308
1833308
1824982
195472
2029512
803068
2024841
1178231
2319960
2873387
3896762
2750763
1144841
1671173
1620983
3308214
1250906
3678992
1841611
4208032
2734293
711939
711939
4009136
4073389
1115731
4602177
3717287
3020984
3528490
2197131
8226
3669261
785459
412529
2518407
1788023
3068835
3645238
1810170
633517
4633899
3095060
3544858
1940227
4624799
888057
3712939
3696129
3526179
2009515
674975
3519166
705999
4004754
4160770
855796
1368040
2283967
3401192
3006224
2192877
2013093
3056897
3403422
4256353
579708
4207627
2192616
1198660
3522825
220022
1883144
1393118
612638
1198590
3418918
1737688
1287830
455122
3639937
4294371
2518375
1609182
1930855
1930765
1930765
1896809
4109878
2067634
87733
2465134
11542
747803
4633764
3195239
1741379
2113226
800694
1227669
1243161
601830
1930084
866534
2891962
1719949
3726111
3389381
4040923
4015999
3146983
3109431
3109521
467347
765263
3756534
1807375
1807375
2942220
1907139
2419299
2433974
2621009
2388772
196159
1929757
1950820
456643
4200467
3435280
4433520
3152208
4604953
558803
3353048
3580965
1733840
4044055
2599879
3068515
904530
3646112
3540057
3586729
4462745
2348977
1704388
2914963
4135968
2892636
606223
606223
838484
3941353
4499569
4009068
2722625
4214159
1621551
3986364
4635226
1629168
4543094
4079597
1277853
1105203
1181799
3433329
10989
4215067
1739897
192849
2718619
4635352
880706
1116736
441468
3843930
3384304
432465
1105714
234201
4474064
2979392
2725809
4526202
3710669
2513009
4012717
1755559
1368038
2448568
3674757
2531383
3073822
3015372
3561929
3246508
4133466
3308086
2530201
1339280
1511596
2819405
2510961
4199461
2746253
1741182
904522
1511497
1388874
231064
1862735
3201032
1621167
4207842
658240
3039822
485698
2407138
3392075
1029625
1209345
1876777
485840
3428877
2192901
1272028
4001410
850304
1958986
2986023
3669349
3303412
1813254
2578519
2712801
1393054
4540809
3493636
2772005
1209672
2825606
4474360
3152032
904521
543178
4612379
1889980
3991152
3931128
399547
1425219
3254242
1213280
4560928
2868782
3512778
1395972
3634817
3492335
1995402
904523
2863569
1743503
1978577
2691340
2691340
3838214
498031
1614845
1502445
4313257
4050860
4050860
3384518
3417987
4223783
1161647
2222198
1298439
794751
794751
1097824
2737373
2871388
1942612
1028865
932077
2838105
4532032
20678
1755467
3234760
2737123
2737123
1447226
1051498
275298
4370647
1704330
676560
1619093
2822039
3070248
461819
2197239
781529
798539
1733937
1862464
1862464
4624856
401304
3237282
1874323
1679480
1383988
1310436
1901833
3485951
1937404
2512945
4005833
3246624
3158421
3250466
657964
3966162
1638298
2924271
1989562
2533744
4097711
1655668
872978
3519380
3380698
3526251
3839924
2590896
1958746
4520540
4459359
2053598
1404701
3821192
366343
1428736
819646
835181
2533592
850131
161665
3792670
2824169
2344576
1724828
3619003
2063353
329360
3293553
1435897
656023
2987040
3526230
3172504
1689794
175008
4042121
425343
1704812
1704812
1084938
1185808
854987
4158351
4016224
1470525
2089731
3121143
926906
4554458
2405498
1757296
747906
1050577
3374874
1067861
2549676
2710186
850155
774709
1698421
2388458
2518334
1440831
1704864
1704864
638691
638601
2664174
3561971
4158394
4073532
3793864
4069433
1339193
3298897
4609344
4128764
4568754
3574659
593213
3997971
1339188
3442552
176147
1925364
694789
1978394
1894017
906781
1395746
1928865
56888
3612660
1051278
3410252
3941693
577229
1925389
1488190
320116
3619074
4459501
4230309
1649112
1649112
859100
2466513
8042
4448294
4448294
4635424
3810770
3931216
1027797
1989652
922892
3043184
863530
4348764
4579917
1433053
3486110
430821
1704761
1704761
3336954
1523094
2409942
1854924
3340505
220386
3250578
4313132
3931562
2926272
1144680
4356507
2947335
2251653
3309040
795065
4609401
1755600
4541870
1982465
3674486
2978926
2991879
1894933
11913
4126854
4201712
980931
1329226
3155302
1844886
989269
3028899
3239863
2925312
4518512
4518512
4200176
4200176
855799
4279914
1601431
1031154
4485954
4607868
430745
3380495
2165132
2284109
304258
576238
4106432
4274011
2280239
2465172
4097472
1621523
16949
2868829
1989509
3911589
141262
970640
1807579
3250974
3648054
3648054
3648054
558062
1419619
295969
1795518
515823
159389
961080
2101436
4114775
742715
1881848
2081325
4118386
2873075
4351813
1746516
3512366
926684
609432
4337202
3679392
4486188
2927935
3609199
906898
1312630
4616987
3530781
2099735
960132
1582554
3386168
1097762
2381686
1945925
2243848
1852696
142292
835957
2652451
1821747
4161027
4128635
2815065
4102370
1696383
4256502
794649
4640586
4365390
4365390
194884
346435
4297330
2285798
3637396
1295679
927460
291364
2434014
712844
2755154
1405810
3558248
1258738
3439537
1737577
4605752
4391570
3696395
2698638
2616068
3138700
3327622
4004966
405947
1657097
1051305
1279601
809289
174942
2470727
1434580
3184992
2971201
2971201
1289150
566092
2924620
1544124
1335078
3442924
1739878
3767696
2564006
645270
3536707
1721014
800552
2746288
3581015
747828
3327731
3853337
4189753
2741130
1735323
3043364
3043454
4605690
2634197
1669940
2978995
1107895
971643
511395
255825
399460
399460
486041
784848
4630715
2969349
4126908
4474826
3558261
8319
3328862
980888
1896763
683482
2265027
3707727
3827366
1288063
4376711
4252185
3236340
3401354
4153187
4106290
4506582
3965700
3742539
911075
4621739
4161057
475245
4595864
1989500
3074164
3367135
3640521
3982822
3128193
3611841
3093016
3637500
1610971
3931181
703705
3477473
1866505
1718441
1718441
1388843
87947
1108859
1270356
1950701
937135
956834
3727827
3727827
904517
645471
839274
1916119
889941
3086182
3086182
1864970
4307995
2758855
1509975
1755384
2320015
3781199
4404513
4004778
3828765
676572
607767
607767
4534972
3994367
4379003
1866904
2600020
1554298
4630516
960310
926478
1719829
4196683
4325206
2722578
3015218
4439511
809301
4390636
986077
1037707
1328855
384632
179514
2263403
475200
11936
17151
3231624
557780
4473409
3947992
1165829
4093195
2969490
1082243
20984
3922720
3477490
3792993
728873
57241
2712892
3886633
454715
1601360
932364
3448435
3178062
1832399
1881712
3793834
1910157
3374766
3374676
2356449
3604297
1743269
2250806
1986797
939353
557006
1277821
2008261
2800091
3172323
1031717
1031717
543338
4360106
4606401
2532344
1584431
1696152
1447492
2928103
256502
1833345
4109906
866455
4016945
1813856
279891
325649
1601286
2891894
1588207
1230465
932257
3204421
1105738
407748
1946025
1203210
3866390
1518999
1627427
4417220
4428834
578920
578920
1391946
4277366
3990999
4120560
2388587
1339162
57150
1244678
1244678
742629
229275
2466304
2466304
1734206
4599520
1310348
2185450
3073942
1144940
311482
4111645
2040957
1852952
3716356
1243125
342818
1534000
3771891
3374517
883504
1028744
164235
644134
454834
3613628
1500640
194764
3859786
3605633
3605633
1335056
4058052
2427937
1910253
493804
833044
1734381
354440
2525372
2641880
1854353
734552
511573
189639
2737089
231083
1523157
2978951
2265330
3378807
956736
4259179
3386303
2427849
860086
4383369
2543700
2032707
3119341
2225178
1648328
595460
2766050
1423741
3605698
3605608
3252576
3168561
3043486
2817665
2230395
1269286
1269286
3380653
1335781
2070571
1866897
682044
2710392
4051036
4051036
3964628
257810
479321
2726188
4143953
2008155
4591412
2381050
2381050
916131
3152066
2029461
1682059
1682059
1391897
807600
3059457
743054
2407012
3611388
4368431
21113
4466209
3719313
3700398
866496
1551558
1056207
209626
4252443
2313267
290477
3238370
2441333
582816
2467827
566013
2081705
3522767
3714123
1615550
1740122
399570
3354218
1916175
3640413
2442001
4392736
1764768
3169415
2947208
3815217
4177177
1720848
990413
121802
29619
4230168
1988197
3941424
1105225
222806
2098641
781376
1233147
3648293
3648293
396431
2089806
926139
3247601
1491888
412583
3829153
3771823
3418330
1682096
1682096
4085938
1621290
174990
3009919
1298471
3014628
1825840
3599794
839296
416975
2232684
2652375
3860253
189621
146793
903769
1482903
1825241
4428903
3384725
2753588
4416935
1684173
3333636
2748185
2750745
1568849
1286550
3609119
2074740
451652
3990952
4640358
1671327
1482991
4564012
1517263
4177278
1015532
2695728
622234
916420
3477615
4079695
838215
579805
1526291
1352013
922912
922912
159195
1120918
1273885
1201468
1293263
1293493
3790149
1552935
2289176
3558243
4035356
4166484
1671953
1463276
1392072
2380846
17454
2284012
2943008
3884111
4013010
3385481
3526329
1784721
275285
676637
3481276
2593789
1496682
2823817
1758944
689040
3653268
2976384
2976384
1831950
1768913
1758859
765898
651952
2622977
2363654
2753466
513974
1157766
3586853
1632985
1015261
1058172
3252700
3378671
2336783
2532374
2545674
1131142
1719673
3931392
2319911
1517221
3136774
1719631
208711
564374
1029962
250485
3373620
1755231
494051
2147644
3716415
2349027
922621
4341887
4207859
1146749
345252
3254046
1520043
2320128
3254242
192617
2561993
4190639
3790535
2214749
1193801
3526171
3114479
87847
358773
2183801
674835
3586883
3120986
3993429
2788764
3669550
3201042
532277
1646073
1005812
1787160
2024954
4326933
2659524
2861441
5030
2465084
543359
382890
382890
4024965
479287
1935010
1679309
605482
214196
3634484
468479
432975
3222348
4126837
3926720
1185823
3162916
1074134
2663350
1979226
4496266
2089210
8015
3248888
4153121
4132546
2924349
3149495
1202303
2204402
3348421
1343475
1343475
2985612
4124661
657934
1491274
4376025
4021909
636614
2303574
424985
1950521
3442495
4163693
1734160
1734160
1876822
957569
4299451
1413262
461422
3948155
4457949
816670
4362627
2214785
1503301
211858
211858
1174023
1018460
3109175
2079509
1027925
933135
1323344
3298207
1616995
4233677
1502345
3247643
1108955
4196952
1743275
1298153
951226
3210784
1313871
710473
3526319
2985812
3298172
1228750
408598
1405566
985982
2065846
3149483
3519436
1665124
2903595
890806
3043364
3043454
21118
1351866
191812
3580828
816827
784191
1737641
3700114
3700114
2518253
2473422
3068185
2079828
4507042
2029370
159151
1350236
3418196
1609046
989143
1269458
1269458
1384069
1004718
773972
834789
419509
3201450
3182450
1923012
2754832
1447348
1544145
3922524
3720363
1682131
1391653
321511
1004403
492055
3950218
792081
4126937
2008240
2043609
3867597
4150310
754862
4242704
3191989
3191989
2620818
216166
3609020
845664
1517209
1517209
243512
971716
2783571
1351896
1655679
2265460
255914
334471
1779615
2765985
4118160
1227505
2182805
3767153
674935
57197
479943
3656757
500098
3169688
3169688
2915028
4009014
3138609
4572362
1877722
3254502
3059352
4640372
3867528
1848738
3041008
1343708
1339308
882763
554622
903836
1893321
4278466
234947
4594936
396342
1896718
2255252
3089659
1542690
1638019
4474768
3941767
916300
4525823
624831
164658
2167547
1922873
3793792
1873217
4016202
3149575
816858
4442251
3178298
3815162
3840182
850407
838848
311997
4586480
461391
3485759
2755507
4213040
3669388
4325342
446940
422511
622428
1902030
3869412
4060021
3132523
4382589
2620986
1263312
4279829
214197
3867718
3959840
3146356
4472550
4256457
3086683
897852
4376794
1469343
1608477
4158816
4102784
4382618
2856828
2856828
2864907
2003793
3536638
1428926
208326
4605673
816914
4230278
2147559
3336886
1614799
4269947
3708163
2266164
3754791
4133788
684440
4628957
4200511
3486595
785339
3043256
174902
1628326
2691122
2344755
4392679
1802731
2638975
4207569
497133
389753
573756
3574613
3380058
3772211
3470298
180670
137069
1922796
3177993
3204655
2070662
2537277
4148650
1908791
1908791
2483826
1724679
3244779
4148520
657997
1893254
949643
695013
3853845
3532588
2278397
2934119
2988459
546411
4153572
1989656
1079025
2009631
20910
4262816
1949007
4223652
1506510
2578365
2991730
3696495
4428819
1636727
4049897
3592425
4621716
1173978
121613
2800421
410049
1656745
3776637
1530891
2819272
1923205
922660
4539928
2754767
3281889
1901769
816897
4150354
1813348
1556596
2949184
3499418
142702
504749
4611302
1641765
1242102
2723828
2151076
2308640
1802699
1081010
566101
1463385
990591
4330392
167427
2455654
888504
699221
3957912
1130992
3725587
3178353
223656
1986506
2024927
3086567
3484311
246615
2710107
4379152
1942558
3275070
3239603
4172129
820681
3328898
2059842
3478687
410054
476399
476399
34216
1329141
1966215
1417811
4060419
2312654
907124
212306
2082724
2364316
4436564
3478525
1865724
2970826
405698
3296066
1655334
1825107
1931105
4472745
3177866
3768064
4175106
240319
1556046
3254291
3536744
311789
3411617
3384602
310797
1007624
472287
1440907
1409129
2641981
1081297
845736
3149579
3696322
3647579
1018056
2652324
4406044
4102753
2054690
3238300
1492303
1492303
3737470
2872957
2872957
3437990
1108189
3098520
2044538
2044538
211618
676700
607561
2809570
1678308
1203014
4427730
1892969
1547579
1986698
4325399
2365716
1495071
2470748
1442837
2767702
3428771
2797104
412508
111828
3798300
507216
1923385
1923385
638918
1936403
813152
2269811
2520714
945719
1109278
2178629
1340186
3546405
4633669
1795497
2089756
1482873
1419829
842313
1941833
4427517
2153311
2153311
230983
633557
4120394
2349522
1405936
3880388
3558132
2736272
311006
3840356
2070221
3980823
1714327
1822275
1893281
2028396
1267164
1772450
1161821
1210139
107603
1300978
1298286
900965
459018
1937542
2476274
1518892
1103859
883569
3248969
1645900
358709
3656960
916440
1244556
3168653
3101845
819858
113
38
3204533
3710579
131419
3204224
568751
179180
3828691
4436681
1330757
4448249
712999
703655
4470941
2385750
3727797
3727797
3950027
1031443
3092884
4051019
223593
939248
2440572
3777289
134147
3191904
4500309
663967
2900362
706060
1806250
2545647
1787383
3742674
3581111
2215632
2388995
3043333
1339235
2771892
2509655
2599806
2532090
3679297
2839049
2381614
1277820
3658054
2758881
4406124
3869758
1547203
2283963
3646015
2700585
945615
1646147
21383
1823492
2349088
3060479
2012198
1734969
2804750
4473676
4246464
2282433
3700431
4630678
2899607
729379
290340
1989502
393185
2819370
2533654
645033
3238145
4175275
2976049
4352549
3609155
2033649
2033649
3438673
1344636
1166023
2599783
4137864
290428
3433850
4108805
4439436
2892190
2892190
885604
3434991
3133968
1203088
1779328
4334022
3991251
3055974
3086063
412825
335064
4404660
2653536
558530
1220618
2385404
853077
3630974
3058419
4433117
1641831
3719096
4352514
1915582
2467830
1237284
2691589
2691589
3328857
118526
794991
1714352
2985774
3486099
4004297
795062
564698
4640595
712942
780920
780920
430469
3771810
4391566
3276972
3581139
3581139
1509221
4073661
4466431
638623
1532993
724489
461430
461430
2405197
1261162
2731272
4148340
1079288
3867696
1483014
4352176
1621264
3367768
2804563
961164
794580
1287665
1287665
3081707
79281
144340
1194258
3526403
4160802
3822077
4046939
3403230
1271993
3486025
2168683
1194946
4372703
1492343
1492343
2019584
1614726
1995717
4001192
3578811
1925307
1227522
4148376
1556473
774693
1609098
1779439
1986863
229135
1656884
1896882
2707497
3152014
3742000
4051752
1655341
3206424
1097652
2243722
4417191
641902
17215
3782681
1996851
4278100
1866747
4458046
15380
4163615
2642932
1832032
683420
2765464
1959872
2062229
3561849
1614566
1813742
256361
1005725
3215804
2307196
3276940
1287558
396363
2178781
2685571
3134016
235934
1678368
1702202
3537268
1506588
1532858
2597654
852626
4163633
2765886
3911568
4132349
3380107
3089588
312803
2409565
2078167
164551
3411768
2212226
3821985
1567294
1018721
2976281
1842327
1743416
1941721
27114
2710165
269225
4605991
3884231
1665130
940823
3378746
2352556
3455495
3161246
1227334
1447309
1447343
904560
3168131
4589116
660290
2876368
780765
1411985
419488
220265
781068
781068
4568887
3875645
2976569
3957863
3000235
1310523
321481
1950617
1979275
1901618
4233616
4632698
3301329
1720849
4260030
4594882
3986302
774644
2143209
1057983
1287326
1972274
1627489
3499413
3499413
504847
1671916
3327760
1714097
3869314
4494434
3630839
2420509
4257087
1079210
936959
3997751
1505694
712835
461726
3640090
3201086
3172253
2725973
3278701
664001
3005846
2313139
3486318
1942082
2102938
3155384
2477821
3324963
3182032
4479671
2303695
2067498
291181
1682412
2724147
4376509
4496232
1340213
4118263
2498629
2615820
4079096
3499835
754670
3112073
4143880
2668982
17228
3442593
2303757
1425313
1502046
479675
1768977
2704074
3306087
2861394
2731531
669071
4214142
2949156
3611758
2695588
2615915
3672045
1813702
2964220
4161057
945862
3318334
1175374
3432179
4242260
2564201
1747113
4112178
717060
245883
3605505
3113948
3853256
3853256
914129
4479553
4617093
683594
3640751
1764924
3656790
4060135
900063
2088563
1977300
2722287
1946092
107945
490718
375386
3771927
164721
1907509
2859737
2971565
2653699
2718553
3298908
1614780
1227609
1227609
3234480
3130141
1755209
2876749
2914999
196470
405666
2373971
2716470
3161181
4449944
1011519
480880
3776655
919103
454993
2310416
4196719
2053366
1526093
2441739
237074
3429047
3305859
697163
131519
3584459
1720882
1925064
582769
293118
3990791
4227712
1408024
3812701
947189
2412594
2662199
3947118
2265420
3100751
146957
17007
17007
3287276
2536661
4375964
3163566
4603034
1226139
2461250
1295347
518306
4233722
2062249
662704
1657706
3639845
3893564
2943212
1504131
401730
1942646
2578498
17311
297524
3448301
3730807
2578793
1879994
4294307
638931
1839439
1120874
2495333
236017
3841771
1809324
3041137
3215626
3094690
1821725
1309103
2085551
3024342
1408865
4565889
2704183
533907
1904537
4486040
3466999
1029998
4128529
2814816
2590969
3278866
2993581
2993581
1832013
302684
3762145
3717189
3578862
1051307
1848711
2405136
518490
228756
228756
1627402
2999064
2999064
1125403
2839285
2230460
2222120
3136403
2905606
2993202
2562080
697336
1116709
384738
446687
4391965
1020184
3403377
1226428
3822034
1423721
2441640
486085
4640661
1553898
3896638
1330881
3252783
3843957
4499938
4499938
11825
11825
2003675
1451409
3986265
193471
985743
2364445
1734188
1734188
3896606
4086760
878246
878246
2234314
1921418
4473321
1930415
3303422
2043415
3121327
1272221
1244952
3055899
1792155
3455384
85599
4005782
2809569
1712671
295713
1407594
1949040
3081892
4416763
2653837
1649454
2558810
1339233
1423671
4175031
2407103
2032554
1011967
4199373
4287595
1789585
1647876
3032938
1287378
985952
3526237
1115544
444416
4374311
4586903
3600813
4200090
4200090
2498355
2243413
2278277
285207
2737579
3836744
1084865
2089985
2267617
883108
922996
3536619
1632714
2639626
3090325
4405777
1842322
3893848
422466
1492374
1168844
3708047
1841442
2388539
394414
3672136
2756133
2476186
1631122
2634070
2373566
2652464
3815387
2799070
1841438
3606028
3301437
3377775
417048
697270
4009101
2419808
4562682
3558424
1942634
157055
3336832
3322587
3086085
3086085
217127
4494597
1553994
401433
1876738
1447394
4428907
1503657
687847
2748357
2772861
1441021
4240058
195239
3633085
344993
1725949
1592853
1245083
3130087
3840008
2065874
1202213
1030691
2715386
1050063
2460973
973479
1292931
27263
4171637
3561897
4075409
3119320
2641922
4437617
1470761
4439309
1739849
3377737
3032849
2118510
1211323
2266214
1011987
490857
476334
476334
209658
2722667
1198650
1313941
2483448
89143
4372309
816692
3412411
2313452
3604352
3965740
3965740
656526
45592
3522847
4374403
1247421
3546446
646632
798283
1027883
1569094
2417052
4007726
3741954
141230
260345
1638197
1638197
3730832
836318
4379433
3490221
2306924
3101798
2101320
2255088
4551334
1161741
2060102
4540593
2600225
1018323
782001
4308097
4018747
1741224
3041262
3877495
441373
3086048
454423
3055472
1502323
2543557
3967809
426042
3474871
4233332
1657868
3146770
3678379
1015650
2035780
4207971
4474714
3716482
1146761
2933854
4563730
703942
3847198
2406850
4012922
1806351
2734584
2734584
1242164
4338214
4633755
1995672
925971
3166395
889940
4124509
4171912
2419224
1765144
3597958
4393776
141407
1027834
1226587
4479566
3412590
605452
3578749
1269323
1841409
1704399
4222691
383044
383044
4265652
260150
2251341
2943263
3637578
3354509
3640838
3843921
2153499
754721
754811
3965687
2470510
1166052
1940588
222713
1213212
234777
657700
1734118
1734118
4474527
3499186
77336
77565
243400
4573643
4004814
1114212
637724
2061978
3434724
4031130
1126077
235854
3039766
3853442
3853442
2365686
1492437
1313991
480794
3168016
3146405
2078167
2381562
4046652
4259264
3318560
765926
3186040
1770587
1770587
2041341
2053358
3536767
1657766
1244555
192797
2440231
2114351
1788419
3334796
4428742
408572
2495637
1226478
3536780
321537
4556741
2832307
2913700
3132593
878217
3896514
1637845
1637845
2976188
3720850
3821923
70075
3433686
1361052
3737221
3604327
712681
2165591
390422
2512852
4250558
1399690
4479664
444600
3536685
1124080
3350497
830687
4606432
3000101
1030061
9277
1925086
1925086
234459
4385207
243345
4175202
1632782
1482927
3552799
1292942
890892
3439992
4467271
2365754
3630928
2928035
3301368
1988088
3581758
3403359
425126
1105797
728837
2773285
1755528
2056792
1116771
89589
674922
845509
4118241
3215596
4177443
624539
3536755
2969582
4004823
4223740
4058041
4361960
34045
191723
2518306
3994265
246685
4599492
1866705
2620908
3647863
3647863
3941514
3221437
1586664
1032149
3015167
85537
197821
1937494
4118171
499993
406276
245992
3712043
3624173
2044204
1825317
1223096
1167407
2290108
3101887
2942639
2509460
4352390
2710324
2999935
855910
3481274
4163287
1989645
2089176
2185903
2257496
4348786
1103927
2667863
3305932
2153177
2153177
1370003
4416370
1910243
529012
3418972
2089152
223485
2422689
678940
4362065
1792827
3648510
253351
1312666
3172407
1658003
3041149
1610720
2081303
3132449
316528
3000254
3110363
1862526
3741833
2987508
85192
785373
2177228
4260141
1795176
508262
841648
3982200
1185738
1986775
1092521
1399551
578686
3933055
4368594
1496762
3897192
3564028
2067348
1802965
771202
1358032
2225663
2760507
1854885
4287671
4042382
1972715
2998912
824507
1298138
1330803
4617277
1908585
1533904
12048
2909795
1049834
2526909
4391529
3178188
1190483
84300
1657547
816688
4177243
1498743
1657414
2942860
3708851
406355
794479
4356462
1224129
2308667
2263713
800265
4175179
1330789
3853016
1218814
631991
4479686
1157737
3128076
2808285
8191
1910125
3146616
348468
1755305
1175325
28287
1942411
883649
2078620
260237
3206380
4455645
2718593
1922084
4382499
2080911
878396
4542694
1632676
3222551
1051198
4018829
3552607
1496645
4313011
4101399
2038939
4496575
4479567
1699228
998321
4189903
1916143
3109078
2013143
903815
3252761
2861362
269797
4410865
3219376
2165410
2411378
1725932
1725932
2668964
2897976
1986148
3024260
1201269
3605575
1313696
313285
4214233
3499382
3033039
1739809
21094
2773216
1395971
926048
2618805
494018
4418822
3210568
1218937
1289094
4166618
4035490
476487
2903442
2737251
1921715
1921715
4050985
342690
2323412
3915376
1936376
4196859
1866815
2290350
838552
2042294
4434082
4012837
156984
4572287
4591543
595573
782056
2753152
4591633
246641
2765877
4189601
4352350
3927031
4506459
3994491
1477597
4177329
1063828
2074771
1425249
368519
1215752
400969
3784980
1842306
4382398
4100566
71271
153051
2412636
715561
900605
893892
1807770
1323188
3337036
4172159
664115
2905666
4108553
3812576
3532538
1258604
3476540
4349091
964101
379900
4230336
3886752
2405335
3526425
607956
1712388
3619165
255737
2098475
4478445
3714331
1277704
2098361
787626
656083
842256
2352551
3092824
2800462
1146700
3673330
1195122
1409044
2079467
1907617
855786
1100252
3455634
893616
2985741
4609382
156424
3725769
2698707
3348325
1125475
4374369
960238
2364563
1959981
3696352
2509447
2461262
3318492
1978480
3405139
394461
3813747
2423614
2582880
345336
385205
2515790
401363
401363
3553024
3575044
1223266
2736006
2461205
1747091
1622587
3433604
1988682
1298217
771368
4499971
4499971
2622874
1074099
2249700
4429770
3099593
195555
4227610
461212
3853192
3853192
4021675
3295942
2461145
906824
3836092
3215837
4455728
635555
1556088
2313066
2313066
3005889
3057009
3634650
2998413
582834
422850
2043588
2551242
3592641
2263594
738920
432875
2900472
3720594
4114496
3965796
3584440
2984186
1109255
3086250
3086250
907200
4503882
3536679
2942696
229081
1214135
1946144
3783036
2003814
657215
2269569
3210712
2715320
3639983
4499529
3949984
302780
1734357
3558199
3219458
1641583
3982359
880619
4449686
1788318
2462802
4368584
4017298
1624558
1308382
2629785
3623007
3522807
2101613
2731332
742668
1334788
3350573
532390
3060743
1986747
2344861
3828919
2151016
3267190
3216506
2154004
3100782
1383782
1495265
3866304
1921957
2249711
3792577
3000257
1192686
742798
1051330
432245
4640420
3830431
1655709
1074026
1121058
1121058
513563
4101624
1764499
4011050
2059875
2431186
716641
4062166
1632860
3325228
3340121
3340211
608056
1357135
4133742
1517354
2563389
3915325
926419
260216
4132277
850209
1495195
3776636
3741599
83894
842087
3856782
4031012
2078354
1244579
3609913
785496
3418681
3708694
2225763
4026142
807928
430530
2405377
1792191
83882
949547
234025
1053678
4604981
2151051
3147766
3631081
1330684
2552162
572221
1698121
3384470
1301043
3219226
197883
1349128
1842188
3552499
147
926006
1109307
3737355
1188265
3776597
1601257
2718666
1673890
1526225
1893966
4060253
3544667
3793970
374977
754767
800620
1298263
1212090
1144728
85420
2388554
1982642
3204584
1644630
572314
2587550
77403
945770
2798578
1746415
1746415
3719940
3030966
1757383
223093
1105412
1105412
3413487
1948674
4163295
622253
1601389
3876977
3817699
2417035
4571641
1293516
606201
606201
508096
2718675
1721291
2413379
1502369
916149
1879297
4105685
1809064
1688533
3050798
2531551
1641714
3340243
1673777
236910
236910
3950322
4207780
1533963
3712097
3412497
644180
1180577
2456023
1233528
855934
4437671
4605777
4024843
3526243
1420596
1119071
12142
4035237
2524910
311715
1879390
4107419
4005688
2089902
1678233
4518442
4518442
1879360
1125354
1646385
2336686
180836
3384313
2079416
1065559
3492363
1613281
311391
1979432
2798536
285271
3597723
850356
2737413
1120608
1244555
2716686
3216536
1936368
392979
1234764
3069216
3751896
638881
3267221
3428939
2413451
2971238
2971238
3592378
2407408
304430
2988344
676611
467382
2265413
568430
2074765
1125522
785591
990500
3790478
990447
1442900
2419186
3367641
4392309
3293211
2898206
2968986
3374766
3374676
211399
1256110
2411792
2640952
2413448
1624516
558032
1005890
1624688
2800121
3377482
4201895
4448402
2704267
2087259
1950760
1726021
622192
3634783
4175381
243468
1015503
393098
3477467
2023836
1198277
12122
1288900
1495160
4404314
4404314
2494433
1876877
923248
652039
1100296
2818645
454664
830783
4016225
4166365
399383
399383
3389430
400992
1526739
1647930
2978950
157031
3519535
715287
916335
4105761
3361978
1498829
1258541
1909203
2483630
2495493
964304
2582786
42325
1491601
1067758
4640508
1487202
890776
320193
2214671
354884
1720998
1623876
2892548
4283106
4073712
1908900
3959979
3653225
661386
1434605
4405997
3392421
2817528
3526274
1491647
1491647
3435065
1125433
4507570
2460508
4161056
4330352
1755164
2278446
2731448
3836198
2204337
3362039
1627889
2413344
1434418
3671981
676212
3927129
17422
2269943
17053
17053
1226453
4368484
2038840
3931221
1930765
1930765
1930855
2290422
679462
638851
4261592
2682748
174941
2344207
2265414
3109388
515892
1412113
729037
2857019
3674637
246205
3119259
2795625
2089990
3725809
3429211
3991058
2751759
1298395
20562
3401128
2913829
2716730
1979598
1202259
3374814
3994082
4542983
2810747
3206279
27024
3221254
4160845
430576
949598
4540667
117787
3776445
2098310
3058455
4591656
384701
1074220
1832235
3653695
233980
1579734
2089965
2520921
3377565
3031184
2685797
689205
2816461
2303797
1842282
1024365
2990127
3751875
916212
2352450
4518367
4518367
3328140
2629186
2313213
2313418
1195008
4326795
2665401
1988654
1556338
4603319
2990570
1078921
2643004
4274080
2385905
1407961
638691
638601
2718965
2103090
302957
4112703
3321651
2194175
837975
3384285
3005986
1936590
1029753
4326974
4190028
3499433
3499433
3875186
754795
3653936
1453670
85453
2405162
2741347
3653949
4046626
1027030
2725760
848047
1271928
4044131
383985
2137823
1333761
4571705
820778
1889806
4050793
3287066
3880140
4261470
1313942
2591132
679416
1809262
3301301
1165991
3651076
2558837
1218892
3751960
3915218
3906697
1277932
3933322
1530428
687886
3185311
4294268
141354
997808
1084909
1995769
3867459
887364
1806323
2512734
4287390
1746162
4556856
4475401
3267093
2809595
1772409
4503701
583136
519949
1442963
1813153
4133535
2255290
712851
1986238
2012067
2385805
1316497
8229
2230485
1988683
798222
1271895
4556576
3434950
3843880
1277777
1523173
1509137
2204562
4562793
1764418
4439286
4503524
1623334
4586899
384830
2905605
1273632
2933761
2621031
3600849
1226433
1915930
3828821
1447370
1684233
1925020
1925020
3696443
3219118
3653521
2042261
624727
2626839
1360966
4392472
4233520
2056524
4024970
568264
3327683
1490799
381200
408516
570845
107668
507098
2233974
2303851
121790
3149636
2639402
848936
890863
230910
4442270
1579348
3385406
1908036
636686
3134084
4260159
612667
311939
4337995
4419675
6484
4338021
2798644
1144761
1308671
1308761
3597795
1657921
1848700
2522563
275206
2039282
1495154
2364372
3469896
2035630
3287401
2947258
4448428
1802685
3163080
3634635
1079081
2306846
4260114
389861
1298309
399316
657147
2498399
669224
1121020
1121020
4640660
285350
1754642
2249666
2741315
3599692
184192
4462838
1688440
3884308
156214
4265589
2818697
4242291
121903
940859
3192054
1523227
1125410
4340556
1907793
850417
2269693
3526466
1051373
2312827
3182440
3581636
997765
1787415
4004202
4507177
3664774
1991649
4269355
926048
3455482
889953
1979658
3664864
3634743
4326833
1064037
2462982
1627475
1103473
4354797
568810
2629252
2241709
1572072
401319
401319
295620
1720895
3836768
3318530
3597615
1905459
2099672
3267509
1050700
1979586
1734260
260303
981035
3185342
4518263
2137863
1582729
2012054
3950290
813337
1343368
1343368
987091
346422
1215613
3751968
1832038
3467390
2578531
237235
3581841
1757225
3623616
954760
3696215
3696215
1979596
3737313
3597828
3843819
237260
3793865
3532463
3274934
3843901
1806168
311432
3584720
2385828
