2945404
4275469
4339955
2619175
3718711
4141881
1533893
1921078
2247989
2661727
1644332
2947507
2168385
2458846
2749107
1016082
1108481
3067893
3265534
1990064
2510716
3729092
2166725
57311
1803160
4233442
462976
703051
3978576
1262806
4295245
606954
606954
702854
938543
1266122
4231304
4504925
709377
4197946
2780844
3431654
3635545
1889318
3806532
2814775
4471001
4416585
3401302
1225387
2640067
57259
3894680
467628
490530
2944085
3041661
2859334
3825337
507398
3958670
3840912
3316633
3854436
1389896
4002674
728445
606630
2151420
2705218
4577383
1096442
395777
1308915
1081377
3038110
4172501
1268466
1517354
4110090
1355834
399027
4110952
1026388
3578040
3765083
2263983
191794
2967245
576510
3811875
2166370
279153
475840
3294371
3029451
954037
506094
4380464
1496631
1496631
3815527
1049040
1011260
4476458
1262898
832239
571313
2354712
1902529
479338
1489728
556114
1410184
1985826
1208750
3453124
692916
4077585
236041
3053509
3053509
779735
4176414
1368209
4589331
418643
1055405
3559947
3167309
1518120
1531054
1745092
2874129
922271
2165138
379427
269450
2229688
1785165
1268780
1324724
2077697
3754687
4110335
563830
2967636
4022832
4056242
4002248
3840443
2183561
174930
475646
475646
4605443
1418367
145053
3440540
4197149
4632004
475672
475672
2023333
2446458
4373723
3578882
1485192
1418194
2641261
2407801
4022895
4472399
4368671
2945231
1166518
3867682
1490054
1490054
3490541
144560
2496669
3610962
1928743
3433410
4373588
3562339
2756679
1667676
4105230
144965
2246659
2753608
3759998
1702470
4250505
4047706
4120371
1055446
4126489
1878824
2238588
1923233
3304311
1910642
42037
3865540
3252291
3607168
3233942
1306785
1306695
4174998
3384232
3806279
2411447
2591991
4095703
2594785
1823218
2939742
2939742
806532
4256835
2151670
2151670
4194323
274637
3053573
3053573
2181720
3332647
1480853
2263450
1338159
1255545
2968414
4118861
2152003
1646460
1787188
3946339
432258
2666075
4103983
2616966
4148613
1310438
157309
1185028
4414916
255807
12132
2868640
3648814
1463104
1807363
1279030
3111645
3819407
557389
565303
490111
3550761
4140635
220072
4024226
1948904
1120729
3297961
3635635
3018657
466163
2417416
1886085
3534661
1236731
4456038
1094979
1242352
294880
4084808
972960
4453788
4368477
2945017
2042787
309300
3735643
3159379
3571951
2814572
4373678
146640
3180583
3992100
632856
121705
10584
2560075
2410810
247544
1118734
3965750
3430687
3407874
2734477
1986182
1986182
1986182
3446241
1366093
2745868
234289
1980463
3840532
1324817
2176599
3635459
4225622
1005073
2337479
605487
605487
2941341
4518532
4416950
3234223
4434652
4453783
1504294
2404821
1863677
395604
444046
65802
3735297
4498801
4447938
3948288
471780
29551
460556
517885
3316218
823746
3875634
295236
4049331
3022320
3490452
4019786
2624923
1626231
2823813
15436
309343
214269
3232555
3602401
1229961
3814668
2386595
485713
4104245
2637327
3394541
1561131
131466
4412270
214195
2599193
4346864
3854418
4525903
970135
2421734
1671561
4134106
764397
4354436
2739044
1177763
2928895
553639
4373707
3535198
4439341
889099
1515634
711306
682792
1811864
3529064
3881803
3517306
2168141
1197739
4427700
3326873
3475582
2583589
87969
407755
2429151
2507475
3483868
1521300
3472822
694214
65946
3378182
1929075
142669
2053054
2265818
3079869
1020306
4018001
407372
407372
1288032
2598459
2595803
4605803
2190864
2454937
2940017
77367
193411
988211
142766
1786408
512866
2428820
4427595
859279
2507560
3944980
2637038
1741479
3089040
1986088
1986088
1986088
3735030
1287002
4110259
1108376
2492516
3234535
2822416
4477409
3858563
607015
2708251
4498168
4349708
262061
4260765
246675
1549852
1577736
3479217
3159332
3878173
3167771
4402765
2220174
1943818
1805740
3929181
1277237
4465366
3556129
3826698
1918220
854385
1023661
4264728
3378145
3175837
4029074
3999296
2643234
945062
504107
2058963
234685
1017457
4049966
1146014
1395087
2175303
1223285
3293721
2661427
1768396
1768396
4220536
328645
4633500
1078363
4607362
3352099
2086512
4457233
4295157
3749004
2453843
4484145
3834245
4610086
4610086
3004139
1921526
1331812
786892
922231
2763745
3089131
567166
3408268
4447840
3491625
3007766
3774443
3510596
4112829
2524904
4556338
21207
3483975
1467661
310965
4465385
4014409
1143603
1294766
2228515
2030364
3224164
3065255
2765664
2642393
783476
1793604
3084775
443790
972662
4073552
3497333
3248243
1989923
3084431
3084431
1985826
3088297
83728
3662696
1531854
2068331
3718833
4090860
2011060
57327
175052
2282063
4460823
2923391
1852007
674216
107645
3646004
3096564
4391960
2940661
1386645
1590503
118663
2837451
1262748
57156
926750
3382699
4164567
4033439
847420
296537
4389611
2112483
4058110
692855
2337561
2241820
2638663
3192963
1642996
2773910
3018683
4435725
1524008
741842
1616938
15080
142434
179196
2634322
1723672
2284227
3077762
4392058
2041729
3711006
770393
3708951
3131937
2191023
3291391
2580835
3711034
2528573
4328372
3101010
3086213
4587250
4323788
889215
4212435
2874558
678389
2882536
424206
392606
1225511
1554301
3299633
218831
859714
996602
3665731
2764234
770503
2651575
4126579
879841
2814896
2520527
2380465
319394
841415
3698159
3698159
2362547
3239800
194669
2252900
149629
3194775
2288488
3451461
2665950
1509477
580531
1472785
841447
1020170
4414807
2734506
660683
4352758
1504127
301806
2756291
3004204
1030111
578844
131307
2135607
4368639
1984332
1078391
1582052
4042198
1732169
1168242
2642970
2318103
2642935
3946043
4390242
1269079
1396682
4388462
1634627
234926
3307306
4261962
4173227
862837
2263729
2746666
1451889
3909753
3176023
2145983
254342
2513468
608403
16560
1926942
4343607
3403194
3252301
3151551
1121093
1287974
3160983
4084904
3144309
4153217
897170
660765
752469
1473052
1928467
3944723
3944723
931730
2510844
2111135
3603437
3087771
1582423
1927756
113394
268331
3100908
865617
2230492
4377340
2947125
4403714
499275
1348156
3145704
851936
3840852
1394073
899011
3698118
1906634
2380676
1473090
831807
1208967
2597938
3056570
3929280
4453812
2350631
1026972
2745816
1121866
2166567
3390206
247622
2418614
3335005
3814600
512964
4492899
4434782
1067224
1947115
4529708
4472119
1214528
2078743
3240067
2267942
3497781
6587
4622849
3229246
3325781
2419321
3920789
3013097
4525799
485204
913523
931654
137043
742071
3711033
3409583
1871133
4014349
2446243
4153097
2428792
136939
3492009
675862
3737613
1716057
1052618
1503923
3378302
4628578
20526
1122520
4787
1272899
2404678
3774659
1528174
1232278
1097010
3637928
1666615
1607164
506665
3208650
236005
2512344
2431201
8053
658046
4071653
1956672
553713
341778
208276
1299154
1242335
3882073
3881983
208411
2739222
3232588
1493157
175074
4104193
3474528
2006139
4389584
2627107
4484032
2223087
802557
1811837
1229825
1229825
552365
2744338
2518794
753944
754034
17414
319439
113322
10643
3299301
4120333
3864740
1156849
1553751
4161625
3234129
1984410
1644259
4389734
1892781
1321407
4173277
784222
71292
6615
1561273
1676287
1899787
1850576
1924847
570029
303630
1493158
2923190
2535340
2733982
3323413
4233881
398668
2636698
2870922
2870922
4597717
4161422
3026726
507336
189548
3427225
3945315
2820109
281443
3534446
418775
877291
3819822
3524195
3643348
4472535
1057456
2739562
4638355
765034
3891852
3604298
4494406
4494406
3202249
641145
4033204
918347
712069
807258
194466
1288399
988266
2749003
400931
3233926
4388686
3662434
265986
4638921
3611209
553780
3202197
1418473
2562422
812716
3884449
2163301
2228625
4024508
3168131
3737697
3378029
2947086
3607790
1948660
3164217
197586
1611357
4297430
2347521
4176377
3217252
4600075
1696302
121671
1686389
3851216
858497
4024466
3542881
866045
2614009
2065493
660733
71329
1050897
1906590
3236113
621481
3603302
513102
903700
784624
1719001
3529093
1985810
274368
189712
3219392
3571680
1588175
3048794
1489839
1067285
932152
3881930
927109
4268031
3577696
391998
1094533
3234484
4062502
4416564
4040053
3737530
2201580
1697337
3326958
1914252
694167
773229
2746518
2866962
1636836
2556715
797760
1655563
1504174
3840562
4638824
963461
274343
3698295
4377060
2213608
2001649
1561219
70221
601152
2581569
2983741
1145872
1914283
2696443
2683555
1049221
2201806
4146452
1515618
2101073
2220064
409342
4105542
4518686
4176463
1676030
3542896
1440974
2983831
493101
4105497
1785363
1518158
1831241
3297034
3217368
440769
1504778
2361940
692692
1790111
1328842
1531898
4170057
4228185
1472212
986470
161515
1143998
4427834
1726343
3723815
3723815
2525061
1789277
2748732
2739606
279203
146723
2651798
1667654
1298939
1426777
1485848
3332720
1990874
406923
3316311
1991260
3426820
4212605
3167823
2923340
985342
1006895
1200663
2265764
1355287
1321132
4257250
2059142
3988797
4024198
1927159
3296165
2657975
1702522
1702522
1048601
3617120
4430032
2531333
2756950
921899
4273187
4244819
512926
1900043
2056126
3541169
1130108
582439
2588914
522290
4517227
3714502
4007095
692652
4426836
791400
1490329
3437867
1643470
3054873
3865845
2458690
421711
455775
2559924
4437436
4130174
1410083
4422851
3224092
2782840
2529302
2820046
3107453
3107543
494299
1096982
5147
4484083
3490712
2830461
497074
211967
3150097
1490140
1490140
1433664
3535375
2660290
1127006
131564
2282392
2830792
2708204
2085358
1212359
2722055
2270334
3077787
1939707
4221528
4109592
3057741
3710765
3714524
3595895
3291415
1767949
3881901
1271318
3759320
4198245
4198245
3717166
2022550
3740641
1328872
3378204
2732219
2903463
312029
4198281
4198281
1872329
4392114
3150300
2657568
2912782
561222
658094
3475453
553683
443779
162001
2378686
1169640
3274714
3306077
532856
1227906
823814
3099662
1433714
4464991
381904
2261858
2226884
2226884
1048993
3819884
556190
2432194
2581523
4240754
938645
191752
4254631
443882
3053779
3603721
3603631
3199006
553800
1258110
4411899
3534797
621477
1333448
3325752
197730
474530
3390139
1488770
2549296
4506727
4437157
3491538
3819311
1365953
683825
1550024
4175236
1625237
668359
271664
4083743
841376
4156480
532760
587293
1250167
2192244
3882073
3881983
848591
1697509
3089086
375688
1228020
3165753
1015695
4220652
2225318
1286511
3039301
3534994
1214728
4505042
453573
641082
3183102
2535092
3013078
694241
2662226
1507739
3155567
2101212
1655506
189532
2141027
1202178
176558
3963392
4440284
1959650
2549467
3265838
3920910
4331991
555802
3112823
2890594
3107280
1878791
1213335
176583
1905108
3190361
3365775
2032421
3750261
859687
3611462
696595
1346964
3681520
3331534
657190
3694260
1647621
421970
1619619
4600928
3256128
4040070
4040070
946093
3202658
1515270
1515270
253453
3079895
506424
1201407
1823710
1273089
3099077
643276
4010970
922433
2023368
712139
1488901
917960
2980587
4105394
4104056
1242352
555855
4517293
4517293
741722
1679752
3680039
1741399
1017682
1636736
2076399
2983723
182240
1397649
3128047
3401468
1790782
1327308
970895
950377
779956
1145324
574997
1104553
1104553
3371684
191941
4549541
738203
3372605
1639714
605135
605135
2192291
532188
889161
921973
4152906
2222962
4161240
579067
3749619
3599276
117705
1438880
214163
930254
146898
1528575
1921550
1269216
3068076
1418284
492933
243406
1440939
3199390
1892803
702864
3680123
3717143
1944134
784189
741845
638003
214187
341633
3603592
930220
4116502
2519573
863088
4271955
1260205
3100927
1268173
4440245
1122636
2654589
182447
1333851
4238323
2112440
3030992
2925957
1599447
3131667
2693593
3984221
2922159
47211
989738
3477007
2550324
1329004
2796777
2056397
1840187
2481542
2543815
4363752
1496359
4506979
1386634
1096899
4152920
879842
1174622
1269750
2068481
4404174
4488420
2662376
4116450
3077392
2535330
1390305
1416243
4339667
728403
4423048
3980804
1820452
3995930
4556577
3964218
2734086
3297845
931551
1449522
1755419
3602339
3958520
2276375
4381765
1843035
605276
2775964
209273
2435894
189843
4461107
985207
3451504
2836154
2708379
3999089
1194214
1687602
2081048
4514750
1381943
2907716
705083
4380502
416325
3086277
2890210
2964139
2637455
2087970
2106518
3326768
651207
3296933
849351
576093
3167771
2321246
464784
2077410
932404
925584
3233914
2654749
2812819
2868708
1807345
2980230
1986025
1986025
1986025
2763562
2409753
1753685
4110313
1935372
431315
3440867
1744697
1744697
1143644
3405354
3208668
1349142
2798678
4161392
494402
1785435
3431672
2594806
3984044
3234387
2795209
2176399
3890742
2922407
3719088
79156
3530812
1824037
4525999
2542686
334381
3164042
3520950
1892652
1017318
4111882
2057460
1007053
3676435
1391116
70387
2257412
3372725
4638571
2435931
1063142
4570183
1003687
1461530
2085260
3996120
3980943
1616963
118681
2162780
1839485
2614048
2011229
629078
1507153
4262060
3382396
932441
1003955
176450
3984452
1209418
2513868
1308931
1952657
2765434
3819195
3194948
565455
3099766
4417661
797680
4465303
603906
1055464
214603
2229841
3429996
4039064
2096437
2757000
4501480
463573
1862850
1718750
1521219
1566935
1889790
4370784
2026528
2998061
3160873
2808666
4492508
3617067
1225332
4577858
4499081
502518
2404841
2657887
1891890
2583590
1496553
1496553
1234128
4440096
4229677
4213418
915455
1985940
2041586
1766760
1184883
1078193
2793493
475512
475512
2662266
1500453
4014208
4262306
4457272
1145830
2734093
4003669
250880
4276089
3214775
4484241
1639837
2996149
2996149
1161078
395543
3791958
4638861
1935173
4268237
3845551
4133834
16961
16961
1260423
1545380
2962199
2748554
1272971
3717454
10564
2379158
2624776
4389698
1173627
2004139
4022938
2641093
2429232
517792
1031207
3338143
3338233
2112609
963542
4418014
290624
707459
3378178
4265105
2078685
892959
2220104
1125300
568010
3014012
955880
890035
1057595
3714534
21007
886624
3819279
1803125
4366503
3041675
1189693
367752
1481303
503996
4048850
694300
3039121
57336
460767
3946147
2614097
2531710
2350605
3408159
4277735
218988
879876
189756
2591221
1717772
3929126
531840
747492
3245570
4016653
107475
3790746
643512
4194903
882166
2418709
4389569
2435905
4464642
1596583
2432294
3694379
3694379
194432
2163203
4254967
781017
431408
1675999
3208781
4619680
393395
1310298
3524208
3472641
1386680
2591160
4609176
3316396
4476407
2194467
3643373
1777693
3759762
1507299
3250262
3963670
4118494
3097779
723961
341850
1733379
4518738
4276103
3293455
149617
2379603
1839456
2822380
1703230
1944031
3535165
3723925
4414891
2531752
3171100
1250378
1242420
2241901
780073
3665864
906375
4484159
1078157
3364767
134339
2576592
1928062
2997940
1875669
3662665
3992438
2411269
4607505
1846816
1614749
3981031
4010907
1524035
4488149
1599484
4003546
113301
222669
3559930
193335
3980188
675566
2510914
4336065
3201355
956512
1977744
3446578
3239841
1328814
3705893
3348581
3083950
28343
3394776
877945
3234421
1067122
2151648
2151648
629004
4366416
1744226
281476
1010882
4244759
303889
3962338
678267
3946415
2812563
4366485
3479257
3037873
773005
3530684
2246581
3472741
2051558
1386539
1787295
1223594
146745
4014366
1676038
3096639
3864366
922050
922050
1057279
2617232
4098782
216326
2051590
645826
2550263
3765702
948797
930572
4561140
4197992
1332743
3924814
3440924
1174573
582200
2957270
1820326
3101123
2099691
2753207
913068
1879901
2637392
2465759
631013
3007852
4124975
3057706
3057706
3437149
4169965
153214
2814684
2031702
1940614
2585497
3066148
162075
3410192
4603400
2820203
1800650
812685
1823031
2232025
2708109
710744
936551
1823761
2947395
3273229
1807303
1808005
2405531
2588907
770525
2040200
4250069
3108325
3825421
1852065
274539
773373
4003881
3783037
4259681
3097967
2455021
1468429
1768950
3044163
2022607
3584942
3242865
4498919
256081
780377
780377
4231434
1108345
879741
494041
297066
773168
4255070
2007826
2311402
1731935
316498
2212862
3597784
1328815
4605744
1269614
4380235
2063996
2969090
955898
4083984
2957031
122025
2543755
950727
4417950
3488209
3723376
3180444
2598088
4254621
1516884
1250212
4488105
2941213
2069341
2696613
2208963
643568
4484124
121650
1439800
4023070
214088
3694306
3694306
446018
3904597
2183849
1327276
675813
1667640
1493139
3297957
1269044
1192189
3326991
4414779
343053
2363612
852358
2217544
518613
197487
1019428
1667686
4277614
2244951
1959955
2751577
1272832
1355722
4589370
1029267
2531520
575189
2710898
2802621
21155
2010633
644517
1871568
244083
2998050
4002738
2411327
189553
4161304
2446493
3534971
89360
1848734
2702245
953714
1504416
494299
3013758
3490748
4276331
1831332
1823006
195472
2027536
802291
2022865
1177454
2317982
2871409
3894785
2748785
1144064
1669197
1619007
3306236
1250129
3677015
1839635
4206055
2732315
711162
711162
4007159
4071412
1114954
4600200
3715310
3019006
3526512
2195153
8226
3667284
784682
411753
2516429
1786047
3066857
3643261
1808194
632740
4631922
3093082
3542880
1938251
4622822
887280
3710962
3694152
3524201
2007539
674198
3517188
705222
4002777
4158793
855019
1366064
2281989
3399214
3004246
2190899
2011117
3054919
3401444
4254376
578931
4205650
2190638
1197883
3520847
220022
1881168
1391142
611861
1197813
3416940
1735712
1287053
454346
3637960
4292394
2516397
1607206
1928879
1928789
1928789
1894833
4107901
2065658
87733
2463156
11542
747026
4631787
3193261
1739403
2111250
799917
1226892
1242384
601053
1928108
865757
2889984
1717973
3724134
3387403
4038946
4014022
3145005
3107453
3107543
466571
764486
3754557
1805399
1805399
2940242
1905163
2417321
2431996
2619031
2386794
196159
1927781
1948844
455867
4198490
3433302
4431543
3150230
4602976
558026
3351070
3578988
1731864
4042078
2597901
3066537
903753
3644135
3538079
3584752
4460768
2346999
1702412
2912985
4133991
2890658
605446
605446
837707
3939376
4497592
4007091
2720647
4212182
1619575
3984387
4633249
1627192
4541117
4077620
1277076
1104426
1181022
3431351
10989
4213090
1737921
192849
2716641
4633375
879929
1115959
440692
3841953
3382326
431689
1104937
234201
4472087
2977414
2723831
4524225
3708692
2511031
4010740
1753583
1366062
2446590
3672780
2529405
3071844
3013394
3559952
3244530
4131489
3306108
2528223
1337304
1509620
2817427
2508983
4197484
2744275
1739206
903745
1509521
1386898
231064
1860759
3199054
1619191
4205865
657463
3037844
484922
2405160
3390097
1028848
1208568
1874801
485064
3426899
2190923
1271251
3999433
849527
1957010
2984045
3667372
3301434
1811278
2576541
2710823
1391078
4538832
3491658
2770027
1208895
2823628
4472383
3150054
903744
542402
4610402
1888004
3989175
3929151
398771
1423243
3252264
1212503
4558951
2866804
3510800
1393996
3632840
3490357
1993426
903746
2861591
1741527
1976601
2689362
2689362
3836237
497255
1612869
1500469
4311280
4048883
4048883
3382540
3416009
4221806
1160870
2220220
1297662
793974
793974
1097047
2735395
2869410
1940636
1028088
931300
2836127
4530055
20678
1753491
3232782
2735145
2735145
1445250
1050721
274522
4368670
1702354
675783
1617117
2820061
3068270
461043
2195261
780752
797762
1731961
1860488
1860488
4622879
400528
3235304
1872347
1677504
1382012
1308460
1899857
3483973
1935428
2510967
4003856
3244646
3156443
3248488
657187
3964185
1636322
2922293
1987586
2531766
4095734
1653692
872201
3517402
3378720
3524273
3837947
2588918
1956770
4518563
4457382
2051622
1402725
3819215
365567
1426760
818869
834404
2531614
849354
161665
3790693
2822191
2342598
1722852
3617026
2061377
328584
3291575
1433921
655246
2985062
3524252
3170526
1687818
175008
4040144
424567
1702836
1702836
1084161
1185031
854210
4156374
4014247
1468549
2087755
3119165
926129
4552481
2403520
1755320
747129
1049800
3372896
1067084
2547698
2708208
849378
773932
1696445
2386480
2516356
1438855
1702888
1702888
637914
637824
2662196
3559994
4156417
4071555
3791887
4067456
1337217
3296919
4607367
4126787
4566777
3572682
592436
3995994
1337212
3440574
176147
1923388
694012
1976418
1892041
906004
1393770
1926889
56888
3610683
1050501
3408274
3939716
576452
1923413
1486214
319340
3617097
4457524
4228332
1647136
1647136
858323
2464535
8042
4446317
4446317
4633447
3808793
3929239
1027020
1987676
922115
3041206
862753
4346787
4577940
1431077
3484132
430045
1702785
1702785
3334976
1521118
2407964
1852948
3338527
220386
3248600
4311155
3929585
2924294
1143903
4354530
2945357
2249675
3307062
794288
4607424
1753624
4539893
1980489
3672509
2976948
2989901
1892957
11913
4124877
4199735
980154
1327250
3153324
1842910
988492
3026921
3237885
2923334
4516535
4516535
4198199
4198199
855022
4277937
1599455
1030377
4483977
4605891
429969
3378517
2163156
2282131
303482
575461
4104455
4272034
2278261
2463194
4095495
1619547
16949
2866851
1987533
3909612
141262
969863
1805603
3248996
3646077
3646077
3646077
557285
1417643
295193
1793542
515047
159389
960303
2099460
4112798
741938
1879872
2079349
4116409
2871097
4349836
1744540
3510388
925907
608655
4335225
3677415
4484211
2925957
3607222
906121
1310654
4615010
3528803
2097759
959355
1580578
3384190
1096985
2379708
1943949
2241870
1850720
142292
835180
2650473
1819771
4159050
4126658
2813087
4100393
1694407
4254525
793872
4638609
4363413
4363413
194884
345659
4295353
2283820
3635419
1294902
926683
290588
2432036
712067
2753176
1403834
3556270
1257961
3437559
1735601
4603775
4389593
3694418
2696660
2614090
3136722
3325644
4002989
405171
1655121
1050528
1278824
808512
174942
2468749
1432604
3183014
2969223
2969223
1288373
565315
2922642
1542148
1333102
3440946
1737902
3765719
2562028
644493
3534729
1719038
799775
2744310
3579038
747051
3325753
3851360
4187776
2739152
1733347
3041386
3041476
4603713
2632219
1667964
2977017
1107118
970866
510619
255825
398684
398684
485265
784071
4628738
2967371
4124931
4472849
3556283
8319
3326884
980111
1894787
682705
2263049
3705750
3825389
1287286
4374734
4250208
3234362
3399376
4151210
4104313
4504605
3963723
3740562
910298
4619762
4159080
474469
4593887
1987524
3072186
3365157
3638544
3980845
3126215
3609864
3091038
3635523
1608995
3929204
702928
3475495
1864529
1716465
1716465
1386867
87947
1108082
1269579
1948725
936358
956057
3725850
3725850
903740
644694
838497
1914143
889164
3084204
3084204
1862994
4306018
2756877
1507999
1753408
2318037
3779222
4402536
4002801
3826788
675795
606990
606990
4532995
3992390
4377026
1864928
2598042
1552322
4628539
959533
925701
1717853
4194706
4323229
2720600
3013240
4437534
808524
4388659
985300
1036930
1326879
383856
179514
2261425
474424
11936
17151
3229646
557003
4471432
3946015
1165052
4091218
2967512
1081466
20984
3920743
3475512
3791016
728096
57241
2710914
3884656
453939
1599384
931587
3446457
3176084
1830423
1879736
3791857
1908181
3372788
3372698
2354471
3602320
1741293
2248828
1984821
938576
556229
1277044
2006285
2798113
3170345
1030940
1030940
542562
4358129
4604424
2530366
1582455
1694176
1445516
2926125
256502
1831369
4107929
865678
4014968
1811880
279115
324873
1599310
2889916
1586231
1229688
931480
3202443
1104961
406972
1944049
1202433
3864413
1517023
1625451
4415243
4426857
578143
578143
1389970
4275389
3989022
4118583
2386609
1337186
57150
1243901
1243901
741852
229275
2464326
2464326
1732230
4597543
1308372
2183472
3071964
1144163
310706
4109668
2038981
1850976
3714379
1242348
342042
1532024
3769914
3372539
882727
1027967
164235
643357
454058
3611651
1498664
194764
3857809
3603656
3603656
1333080
4056075
2425959
1908277
493028
832267
1732405
353664
2523394
2639902
1852377
733775
510797
189639
2735111
231083
1521181
2976973
2263352
3376829
955959
4257202
3384325
2425871
859309
4381392
2541722
2030731
3117363
2223200
1646352
594683
2764072
1421765
3603721
3603631
3250598
3166583
3041508
2815687
2228417
1268509
1268509
3378675
1333805
2068595
1864921
681267
2708414
4049059
4049059
3962651
257810
478545
2724210
4141976
2006179
4589435
2379072
2379072
915354
3150088
2027485
1680083
1680083
1389921
806823
3057479
742277
2405034
3609411
4366454
21113
4464232
3717336
3698421
865719
1549582
1055430
209626
4250466
2311289
289701
3236392
2439355
582039
2465849
565236
2079729
3520789
3712146
1613574
1738146
398794
3352240
1914199
3638436
2440023
4390759
1762792
3167437
2945230
3813240
4175200
1718872
989636
121802
29619
4228191
1986221
3939447
1104448
222806
2096665
780599
1232370
3646316
3646316
395655
2087830
925362
3245623
1489912
411807
3827176
3769846
3416352
1680120
1680120
4083961
1619314
174990
3007941
1297694
3012650
1823864
3597817
838519
416199
2230706
2650397
3858276
189621
146793
902992
1480927
1823265
4426926
3382747
2751610
4414958
1682197
3331658
2746207
2748767
1566873
1285773
3607142
2072764
450876
3988975
4638381
1669351
1481015
4562035
1515287
4175301
1014755
2693750
621457
915643
3475637
4077718
837438
579028
1524315
1350037
922135
922135
159195
1120141
1273108
1200691
1292486
1292716
3788172
1550959
2287198
3556265
4033379
4164507
1669977
1461300
1390096
2378868
17454
2282034
2941030
3882134
4011033
3383503
3524351
1782745
274509
675860
3479298
2591811
1494706
2821839
1756968
688263
3651291
2974406
2974406
1829974
1766937
1756883
765121
651175
2620999
2361676
2751488
513198
1156989
3584876
1631009
1014484
1057395
3250722
3376693
2334805
2530396
2543696
1130365
1717697
3929415
2317933
1515245
3134796
1717655
208711
563597
1029185
250485
3371642
1753255
493275
2145668
3714438
2347049
921844
4339910
4205882
1145972
344476
3252068
1518067
2318150
3252264
192617
2560015
4188662
3788558
2212771
1193024
3524193
3112501
87847
357997
2181823
674058
3584906
3119008
3991452
2786786
3667573
3199064
531501
1644097
1005035
1785184
2022978
4324956
2657546
2859463
5030
2463106
542583
382114
382114
4022988
478511
1933034
1677333
604705
214196
3632507
467703
432199
3220370
4124860
3924743
1185046
3160938
1073357
2661372
1977250
4494289
2087234
8015
3246910
4151144
4130569
2922371
3147517
1201526
2202424
3346443
1341499
1341499
2983634
4122684
657157
1489298
4374048
4019932
635837
2301596
424209
1948545
3440517
4161716
1732184
1732184
1874846
956792
4297474
1411286
460646
3946178
4455972
815893
4360650
2212807
1501325
211858
211858
1173246
1017683
3107197
2077533
1027148
932358
1321368
3296229
1615019
4231700
1500369
3245665
1108178
4194975
1741299
1297376
950449
3208806
1311895
709696
3524341
2983834
3296194
1227973
407822
1403590
985205
2063870
3147505
3517458
1663148
2901617
890029
3041386
3041476
21118
1349890
191812
3578851
816050
783414
1735665
3698137
3698137
2516275
2471444
3066207
2077852
4505065
2027394
159151
1348260
3416218
1607070
988366
1268681
1268681
1382093
1003941
773195
834012
418733
3199472
3180472
1921036
2752854
1445372
1542169
3920547
3718386
1680155
1389677
320735
1003626
491279
3948241
791304
4124960
2006264
2041633
3865620
4148333
754085
4240727
3190011
3190011
2618840
216166
3607043
844887
1515233
1515233
243512
970939
2781593
1349920
1653703
2263482
255914
333695
1777639
2764007
4116183
1226728
2180827
3765176
674158
57197
479167
3654780
499322
3167710
3167710
2913050
4007037
3136631
4570385
1875746
3252524
3057374
4638395
3865551
1846762
3039030
1341732
1337332
881986
553845
903059
1891345
4276489
234947
4592959
395566
1894742
2253274
3087681
1540714
1636043
4472791
3939790
915523
4523846
624054
164658
2165571
1920897
3791815
1871241
4014225
3147597
816081
4440274
3176320
3813185
3838205
849630
838071
311221
4584503
460615
3483781
2753529
4211063
3667411
4323365
446164
421735
621651
1900054
3867435
4058044
3130545
4380612
2619008
1262535
4277852
214197
3865741
3957863
3144378
4470573
4254480
3084705
897075
4374817
1467367
1606501
4156839
4100807
4380641
2854850
2854850
2862929
2001817
3534660
1426950
208326
4603696
816137
4228301
2145583
3334908
1612823
4267970
3706186
2264186
3752814
4131811
683663
4626980
4198534
3484617
784562
3041278
174902
1626350
2689144
2342777
4390702
1800755
2636997
4205592
496357
388977
572979
3572636
3378080
3770234
3468320
180670
137069
1920820
3176015
3202677
2068686
2535299
4146673
1906815
1906815
2481848
1722703
3242801
4146543
657220
1891278
948866
694236
3851868
3530610
2276419
2932141
2986481
545635
4151595
1987680
1078248
2007655
20910
4260839
1947031
4221675
1504534
2576387
2989752
3694518
4426842
1634751
4047920
3590448
4619739
1173201
121613
2798443
409273
1654769
3774660
1528915
2817294
1921229
921883
4537951
2752789
3279911
1899793
816120
4148377
1811372
1554620
2947206
3497440
142702
503973
4609325
1639789
1241325
2721850
2149100
2306662
1800723
1080233
565324
1461409
989814
4328415
167427
2453676
887727
698444
3955935
1130215
3723610
3176375
223656
1984530
2022951
3084589
3482333
246615
2708129
4377175
1940582
3273092
3237625
4170152
819904
3326920
2057866
3476709
409278
475623
475623
34216
1327165
1964239
1415835
4058442
2310676
906347
212306
2080748
2362338
4434587
3476547
1863748
2968848
404922
3294088
1653358
1823131
1929129
4470768
3175888
3766087
4173129
240319
1554070
3252313
3534766
311013
3409639
3382624
310021
1006847
471511
1438931
1407153
2640003
1080520
844959
3147601
3694345
3645602
1017279
2650346
4404067
4100776
2052714
3236322
1490327
1490327
3735493
2870979
2870979
3436012
1107412
3096542
2042562
2042562
211618
675923
606784
2807592
1676332
1202237
4425753
1890993
1545603
1984722
4323422
2363738
1493095
2468770
1440861
2765724
3426793
2795126
411732
111828
3796323
506440
1921409
1921409
638141
1934427
812375
2267833
2518736
944942
1108501
2176651
1338210
3544427
4631692
1793521
2087780
1480897
1417853
841536
1939857
4425540
2151335
2151335
230983
632780
4118417
2347544
1403960
3878411
3556154
2734294
310230
3838379
2068245
3978846
1712351
1820299
1891305
2026420
1266387
1770474
1161044
1209362
107603
1299002
1297509
900188
458242
1935566
2474296
1516916
1103082
882792
3246991
1643924
357933
3654983
915663
1243779
3166675
3099867
819081
113
38
3202555
3708602
131419
3202246
567974
179180
3826714
4434704
1328781
4446272
712222
702878
4468964
2383772
3725820
3725820
3948050
1030666
3090906
4049042
223593
938471
2438594
3775312
134147
3189926
4498332
663190
2898384
705283
1804274
2543669
1785407
3740697
3579134
2213654
2387017
3041355
1337259
2769914
2507677
2597828
2530112
3677320
2837071
2379636
1277043
3656077
2756903
4404147
3867781
1545227
2281985
3644038
2698607
944838
1644171
21383
1821516
2347110
3058501
2010222
1732993
2802772
4471699
4244487
2280455
3698454
4628701
2897629
728602
289564
1987526
392409
2817392
2531676
644256
3236167
4173298
2974071
4350572
3607178
2031673
2031673
3436695
1342660
1165246
2597805
4135887
289652
3431872
4106828
4437459
2890212
2890212
884827
3433013
3131990
1202311
1777352
4332045
3989274
3053996
3084085
412049
334288
4402683
2651558
557753
1219841
2383426
852300
3628997
3056441
4431140
1639855
3717119
4350537
1913606
2465852
1236507
2689611
2689611
3326879
118526
794214
1712376
2983796
3484121
4002320
794285
563921
4638618
712165
780143
780143
429693
3769833
4389589
3274994
3579162
3579162
1507245
4071684
4464454
637846
1531017
723712
460654
460654
2403219
1260385
2729294
4146363
1078511
3865719
1481038
4350199
1619288
3365790
2802585
960387
793803
1286888
1286888
3079729
79281
144340
1193481
3524425
4158825
3820100
4044962
3401252
1271216
3484047
2166707
1194169
4370726
1490367
1490367
2017608
1612750
1993741
3999215
3576834
1923331
1226745
4146399
1554497
773916
1607122
1777463
1984887
229135
1654908
1894906
2705519
3150036
3740023
4049775
1653365
3204446
1096875
2241744
4415214
641125
17215
3780704
1994875
4276123
1864771
4456069
15380
4161638
2640954
1830056
682643
2763486
1957896
2060253
3559872
1612590
1811766
256361
1004948
3213826
2305218
3274962
1286781
395587
2176803
2683593
3132038
235934
1676392
1700226
3535290
1504612
1530882
2595676
851849
4161656
2763908
3909591
4130372
3378129
3087610
312027
2407587
2076191
164551
3409790
2210248
3820008
1565318
1017944
2974303
1840351
1741440
1939745
27114
2708187
268449
4604014
3882254
1663154
940046
3376768
2350578
3453517
3159268
1226557
1445333
1445367
903783
3166153
4587139
659513
2874390
779988
1410009
418712
220265
780291
780291
4566910
3873668
2974591
3955886
2998257
1308547
320705
1948641
1977299
1899642
4231639
4630721
3299351
1718873
4258053
4592905
3984325
773867
2141233
1057206
1286549
1970298
1625513
3497435
3497435
504071
1669940
3325782
1712121
3867337
4492457
3628862
2418531
4255110
1078433
936182
3995774
1503718
712058
460950
3638113
3199108
3170275
2723995
3276723
663224
3003868
2311161
3484340
1940106
2100962
3153406
2475843
3322985
3180054
4477694
2301717
2065522
290405
1680436
2722169
4374532
4494255
1338237
4116286
2496651
2613842
4077119
3497857
753893
3110095
4141903
2667004
17228
3440615
2301779
1423337
1500070
478899
1767001
2702096
3304109
2859416
2729553
668294
4212165
2947178
3609781
2693610
2613937
3670068
1811726
2962242
4159080
945085
3316356
1174597
3430201
4240283
2562223
1745137
4110201
716283
245883
3603528
3111970
3851279
3851279
913352
4477576
4615116
682817
3638774
1762948
3654813
4058158
899286
2086587
1975324
2720309
1944116
107945
489942
374610
3769950
164721
1905533
2857759
2969587
2651721
2716575
3296930
1612804
1226832
1226832
3232502
3128163
1753233
2874771
2913021
196470
404890
2371993
2714492
3159203
4447967
1010742
480104
3774678
918326
454217
2308438
4194742
2051390
1524117
2439761
237074
3427069
3303881
696386
131519
3582482
1718906
1923088
581992
292342
3988814
4225735
1406048
3810724
946412
2410616
2660221
3945141
2263442
3098773
146957
17007
17007
3285298
2534683
4373987
3161588
4601057
1225362
2459272
1294570
517530
4231745
2060273
661927
1655730
3637868
3891587
2941234
1502155
400954
1940670
2576520
17311
296748
3446323
3728830
2576815
1878018
4292330
638154
1837463
1120097
2493355
236017
3839794
1807348
3039159
3213648
3092712
1819749
1307127
2083575
3022364
1406889
4563912
2702205
533131
1902561
4484063
3465021
1029221
4126552
2812838
2588991
3276888
2991603
2991603
1830037
301908
3760168
3715212
3576885
1050530
1846735
2403158
517714
228756
228756
1625426
2997086
2997086
1124626
2837307
2228482
2220142
3134425
2903628
2991224
2560102
696559
1115932
383962
445911
4389988
1019407
3401399
1225651
3820057
1421745
2439662
485309
4638684
1551922
3894661
1328905
3250805
3841980
4497961
4497961
11825
11825
2001699
1449433
3984288
193471
984966
2362467
1732212
1732212
3894629
4084783
877469
877469
2232336
1919442
4471344
1928439
3301444
2041439
3119349
1271444
1244175
3053921
1790179
3453406
85599
4003805
2807591
1710695
294937
1405618
1947064
3079914
4414786
2651859
1647478
2556832
1337257
1421695
4173054
2405125
2030578
1011190
4197396
4285618
1787609
1645900
3030960
1286601
985175
3524259
1114767
443640
4372334
4584926
3598836
4198113
4198113
2496377
2241435
2276299
284431
2735601
3834767
1084088
2088009
2265639
882331
922219
3534641
1630738
2637648
3088347
4403800
1840346
3891871
421690
1490398
1168067
3706070
1839466
2386561
393638
3670159
2754155
2474208
1629146
2632092
2371588
2650486
3813410
2797092
1839462
3604051
3299459
3375797
416272
696493
4007124
2417830
4560705
3556446
1940658
157055
3334854
3320609
3084107
3084107
217127
4492620
1552018
400657
1874762
1445418
4426930
1501681
687070
2746379
2770883
1439045
4238081
195239
3631108
344217
1723973
1590877
1244306
3128109
3838031
2063898
1201436
1029914
2713408
1049286
2458995
972702
1292154
27263
4169660
3559920
4073432
3117342
2639944
4435640
1468785
4437332
1737873
3375759
3030871
2116534
1210546
2264236
1011210
490081
475558
475558
209658
2720689
1197873
1311965
2481470
89143
4370332
815915
3410433
2311474
3602375
3963763
3963763
655749
45592
3520869
4372426
1246644
3544468
645855
797506
1027106
1567118
2415074
4005749
3739977
141230
259569
1636221
1636221
3728855
835541
4377456
3488243
2304946
3099820
2099344
2253110
4549357
1160964
2058126
4538616
2598247
1017546
781224
4306120
4016770
1739248
3039284
3875518
440597
3084070
453647
3053494
1500347
2541579
3965832
425266
3472893
4231355
1655892
3144792
3676402
1014873
2033804
4205994
4472737
3714505
1145984
2931876
4561753
703165
3845221
2404872
4010945
1804375
2732606
2732606
1241387
4336237
4631778
1993696
925194
3164417
889163
4122532
4169935
2417246
1763168
3595981
4391799
141407
1027057
1225810
4477589
3410612
604675
3576772
1268546
1839433
1702423
4220714
382268
382268
4263675
259374
2249363
2941285
3635601
3352531
3638861
3841944
2151523
753944
754034
3963710
2468532
1165275
1938612
222713
1212435
234777
656923
1732142
1732142
4472550
3497208
77336
77565
243400
4571666
4002837
1113435
636947
2060002
3432746
4029153
1125300
235854
3037788
3851465
3851465
2363708
1490461
1312015
480018
3166038
3144427
2076191
2379584
4044675
4257287
3316582
765149
3184062
1768611
1768611
2039365
2051382
3534789
1655790
1243778
192797
2438253
2112375
1786443
3332818
4426765
407796
2493659
1225701
3534802
320761
4554764
2830329
2911722
3130615
877440
3894537
1635869
1635869
2974210
3718873
3819946
70075
3431708
1359076
3735244
3602350
711904
2163615
389646
2510874
4248581
1397714
4477687
443824
3534707
1123303
3348519
829910
4604455
2998123
1029284
9277
1923110
1923110
234459
4383230
243345
4173225
1630806
1480951
3550821
1292165
890115
3438014
4465294
2363776
3628951
2926057
3299390
1986112
3579781
3401381
424350
1105020
728060
2771307
1753552
2054816
1115994
89589
674145
844732
4116264
3213618
4175466
623762
3534777
2967604
4002846
4221763
4056064
4359983
34045
191723
2516328
3992288
246685
4597515
1864729
2618930
3645886
3645886
3939537
3219459
1584688
1031372
3013189
85537
197821
1935518
4116194
499217
405500
245992
3710066
3622196
2042228
1823341
1222319
1166630
2288130
3099909
2940661
2507482
4350413
2708346
2997957
855133
3479296
4161310
1987669
2087200
2183925
2255518
4346809
1103150
2665885
3303954
2151201
2151201
1368027
4414393
1908267
528236
3416994
2087176
223485
2420711
678163
4360088
1790851
3646533
253351
1310690
3170429
1656027
3039171
1608744
2079327
3130471
315752
2998276
3108385
1860550
3739856
2985530
85192
784596
2175250
4258164
1793200
507486
840871
3980223
1184961
1984799
1091744
1397575
577909
3931078
4366617
1494786
3895215
3562051
2065372
1800989
770425
1356056
2223685
2758529
1852909
4285694
4040405
1970739
2996934
823730
1297361
1328827
4615300
1906609
1531928
12048
2907817
1049057
2524931
4389552
3176210
1189706
84300
1655571
815911
4175266
1496767
1655438
2940882
3706874
405579
793702
4354485
1223352
2306689
2261735
799488
4173202
1328813
3851039
1218037
631214
4477709
1156960
3126098
2806307
8191
1908149
3144638
347692
1753329
1174548
28287
1940435
882872
2076644
259461
3204402
4453668
2716615
1920108
4380522
2078935
877619
4540717
1630700
3220573
1050421
4016852
3550629
1494669
4311034
4099422
2036963
4494598
4477590
1697252
997544
4187926
1914167
3107100
2011167
903038
3250783
2859384
269021
4408888
3217398
2163434
2409400
1723956
1723956
2666986
2895998
1984172
3022282
1200492
3603598
1311720
312509
4212256
3497404
3031061
1737833
21094
2771238
1393995
925271
2616827
493242
4416845
3208590
1218160
1288317
4164641
4033513
475711
2901464
2735273
1919739
1919739
4049008
341914
2321434
3913399
1934400
4194882
1864839
2288372
837775
2040318
4432105
4010860
156984
4570310
4589566
594796
781279
2751174
4589656
246641
2763899
4187624
4350373
3925054
4504482
3992514
1475621
4175352
1063051
2072795
1423273
367743
1214975
400193
3783003
1840330
4380421
4098589
71271
153051
2410658
714784
899828
893115
1805794
1321212
3335058
4170182
663338
2903688
4106576
3810599
3530560
1257827
3474562
4347114
963324
379124
4228359
3884775
2403357
3524447
607179
1710412
3617188
255737
2096499
4476468
3712354
1276927
2096385
786849
655306
841479
2350573
3090846
2798484
1145923
3671353
1194345
1407068
2077491
1905641
855009
1099475
3453656
892839
2983763
4607405
156424
3723792
2696729
3346347
1124698
4372392
959461
2362585
1958005
3694375
2507469
2459284
3316514
1976504
3403161
393685
3811770
2421636
2580902
344560
384429
2513812
400587
400587
3551046
3573067
1222489
2734028
2459227
1745115
1620611
3431626
1986706
1297440
770591
4497994
4497994
2620896
1073322
2247722
4427793
3097615
195555
4225633
460436
3851215
3851215
4019698
3293964
2459167
906047
3834115
3213859
4453751
634778
1554112
2311088
2311088
3003911
3055031
3632673
2996435
582057
422074
2041612
2549264
3590664
2261616
738143
432099
2898494
3718617
4112519
3963819
3582463
2982208
1108478
3084272
3084272
906423
4501905
3534701
2940718
229081
1213358
1944168
3781059
2001838
656438
2267591
3208734
2713342
3638006
4497552
3948007
302004
1732381
3556221
3217480
1639607
3980382
879842
4447709
1786342
2460824
4366607
4015321
1622582
1306406
2627807
3621030
3520829
2099637
2729354
741891
1332812
3348595
531614
3058765
1984771
2342883
3826942
2149040
3265212
3214528
2152028
3098804
1381806
1493289
3864327
1919981
2247733
3790600
2998279
1191909
742021
1050553
431469
4638443
3828454
1653733
1073249
1120281
1120281
512787
4099647
1762523
4009073
2057899
2429208
715864
4060189
1630884
3323250
3338143
3338233
607279
1355159
4131765
1515378
2561411
3913348
925642
259440
4130300
849432
1493219
3774659
3739622
83894
841310
3854805
4029035
2076378
1243802
3607936
784719
3416703
3706717
2223785
4024165
807151
429754
2403399
1790215
83882
948770
234025
1052901
4603004
2149075
3145788
3629104
1328708
2550184
571444
1696145
3382492
1299067
3217248
197883
1347152
1840212
3550521
147
925229
1108530
3735378
1187488
3774620
1599281
2716688
1671914
1524249
1891990
4058276
3542689
3791993
374201
753990
799843
1297486
1211313
1143951
85420
2386576
1980666
3202606
1642654
571537
2585572
77403
944993
2796600
1744439
1744439
3717963
3028988
1755407
223093
1104635
1104635
3411509
1946698
4161318
621476
1599413
3875000
3815722
2415057
4569664
1292739
605424
605424
507320
2716697
1719315
2411401
1500393
915372
1877321
4103708
1807088
1686557
3048820
2529573
1639738
3338265
1671801
236910
236910
3948345
4205803
1531987
3710120
3410519
643403
1179800
2454045
1232751
855157
4435694
4603800
4022866
3524265
1418620
1118294
12142
4033260
2522932
310939
1877414
4105442
4003711
2087926
1676257
4516465
4516465
1877384
1124577
1644409
2334708
180836
3382335
2077440
1064782
3490385
1611305
310615
1977456
2796558
284495
3595746
849579
2735435
1119831
1243778
2714708
3214558
1934392
392203
1233987
3067238
3749919
638104
3265243
3426961
2411473
2969260
2969260
3590401
2405430
303654
2986366
675834
466606
2263435
567653
2072789
1124745
784814
989723
3788501
989670
1440924
2417208
3365663
4390332
3291233
2896228
2967008
3372788
3372698
211399
1255333
2409814
2638974
2411470
1622540
557255
1005113
1622712
2798143
3375504
4199918
4446425
2702289
2085283
1948784
1724045
621415
3632806
4173404
243468
1014726
392322
3475489
2021860
1197500
12122
1288123
1493184
4402337
4402337
2492455
1874901
922471
651262
1099519
2816667
453888
830006
4014248
4164388
398607
398607
3387452
400216
1524763
1645954
2976972
157031
3517557
714510
915558
4103784
3360000
1496853
1257764
1907227
2481652
2493515
963527
2580808
42325
1489625
1066981
4638531
1485226
889999
319417
2212693
354108
1719022
1621900
2890570
4281129
4071735
1906924
3958002
3651248
660609
1432629
4404020
3390443
2815550
3524296
1489671
1489671
3433087
1124656
4505593
2458530
4159079
4328375
1753188
2276468
2729470
3834221
2202359
3360061
1625913
2411366
1432442
3670004
675435
3925152
17422
2267965
17053
17053
1225676
4366507
2036864
3929244
1928789
1928789
1928879
2288444
678685
638074
4259615
2680770
174941
2342229
2263436
3107410
515116
1410137
728260
2855041
3672660
246205
3117281
2793647
2088014
3723832
3427233
3989081
2749781
1297618
20562
3399150
2911851
2714752
1977622
1201482
3372836
3992105
4541006
2808769
3204301
27024
3219276
4158868
429800
948821
4538690
117787
3774468
2096334
3056477
4589679
383925
1073443
1830259
3651718
233980
1577758
2087989
2518943
3375587
3029206
2683819
688428
2814483
2301819
1840306
1023588
2988149
3749898
915435
2350472
4516390
4516390
3326162
2627208
2311235
2311440
1194231
4324818
2663423
1986678
1554362
4601342
2988592
1078144
2641026
4272103
2383927
1405985
637914
637824
2716987
2101114
302181
4110726
3319673
2192197
837198
3382307
3004008
1934614
1028976
4324997
4188051
3497455
3497455
3873209
754018
3651959
1451694
85453
2403184
2739369
3651972
4044649
1026253
2723782
847270
1271151
4042154
383209
2135847
1331785
4569728
820001
1887830
4048816
3285088
3878163
4259493
1311966
2589154
678639
1807286
3299323
1165214
3649099
2556859
1218115
3749983
3913241
3904720
1277155
3931345
1528452
687109
3183333
4292291
141354
997031
1084132
1993793
3865482
886587
1804347
2510756
4285413
1744186
4554879
4473424
3265115
2807617
1770433
4501724
582359
519173
1440987
1811177
4131558
2253312
712074
1984262
2010091
2383827
1314521
8229
2228507
1986707
797445
1271118
4554599
3432972
3841903
1277000
1521197
1507161
2202584
4560816
1762442
4437309
4501547
1621358
4584922
384054
2903627
1272855
2931783
2619053
3598872
1225656
1913954
3826844
1445394
1682257
1923044
1923044
3694466
3217140
3651544
2040285
623950
2624861
1358990
4390495
4231543
2054548
4022993
567487
3325705
1488823
380424
407740
570068
107668
506322
2231996
2301873
121790
3147658
2637424
848159
890086
230910
4440293
1577372
3383428
1906060
635909
3132106
4258182
611890
311163
4336018
4417698
6484
4336044
2796666
1143984
1306695
1306785
3595818
1655945
1846724
2520585
274430
2037306
1493178
2362394
3467918
2033654
3285423
2945280
4446451
1800709
3161102
3632658
1078304
2304868
4258137
389085
1297532
398540
656370
2496421
668447
1120243
1120243
4638683
284574
1752666
2247688
2739337
3597715
184192
4460861
1686464
3882331
156214
4263612
2816719
4240314
121903
940082
3190076
1521251
1124633
4338579
1905817
849640
2267715
3524488
1050596
2310849
3180462
3579659
996988
1785439
4002225
4505200
3662797
1989673
4267378
925271
3453504
889176
1977682
3662887
3632766
4324856
1063260
2461004
1625499
1102696
4352820
568033
2627274
2239731
1570096
400543
400543
294844
1718919
3834791
3316552
3595638
1903483
2097696
3265531
1049923
1977610
1732284
259527
980258
3183364
4516286
2135887
1580753
2010078
3948313
812560
1341392
1341392
986314
345646
1214836
3749991
1830062
3465412
2576553
237235
3579864
1755249
3621639
953983
3694238
3694238
1977620
3735336
3595851
3841842
237260
3791888
3530485
3272956
3841924
1804192
310656
3582743
2383850
